Time (sec), Heater 1, Heater 2, Temperature 1, Temperature 2,K1s,K2s,K3s,tau12s,tau3s
0.000000000000000000e+00,9.056396761745206447e+01,0.000000000000000000e+00,2.314999999999999858e+01,2.282999999999999829e+01,5.000000000000000000e-01,2.999999999999999889e-01,5.000000000000000104e-03,1.500000000000000000e+02,5.000000000000000000e+00
2.991882085800170898e+00,9.056396761745206447e+01,0.000000000000000000e+00,2.319000000000000128e+01,2.282999999999999829e+01,5.000000000000000000e-01,2.999999999999999889e-01,2.000000000000000111e-01,1.500000000000000000e+02,1.500000000000000000e+01
5.983577728271484375e+00,9.056396761745206447e+01,0.000000000000000000e+00,2.332000000000000028e+01,2.282999999999999829e+01,5.000000000000000000e-01,2.999999999999999889e-01,2.000000000000000111e-01,1.500000000000000000e+02,1.500000000000000000e+01
8.975064754486083984e+00,9.056396761745206447e+01,0.000000000000000000e+00,2.344000000000000128e+01,2.282999999999999829e+01,5.000000000000000000e-01,2.999999999999999889e-01,2.000000000000000111e-01,1.500000000000000000e+02,1.500000000000000000e+01
1.196593213081359863e+01,9.056396761745206447e+01,0.000000000000000000e+00,2.348000000000000043e+01,2.282999999999999829e+01,5.000000000000000000e-01,2.999999999999999889e-01,2.000000000000000111e-01,1.500000000000000000e+02,1.500000000000000000e+01
1.495633244514465332e+01,9.056396761745206447e+01,0.000000000000000000e+00,2.380000000000000071e+01,2.282999999999999829e+01,5.000000000000000000e-01,2.999999999999999889e-01,2.000000000000000111e-01,1.500000000000000000e+02,1.500000000000000000e+01
1.794909429550170898e+01,9.056396761745206447e+01,0.000000000000000000e+00,2.444000000000000128e+01,2.282999999999999829e+01,5.000000000000000000e-01,2.999999999999999889e-01,2.000000000000000111e-01,1.500000000000000000e+02,1.500000000000000000e+01
2.094053721427917480e+01,9.056396761745206447e+01,0.000000000000000000e+00,2.508999999999999986e+01,2.282999999999999829e+01,5.000000000000000000e-01,2.999999999999999889e-01,2.000000000000000111e-01,1.500000000000000000e+02,1.500000000000000000e+01
2.393143177032470703e+01,9.056396761745206447e+01,0.000000000000000000e+00,2.582999999999999829e+01,2.285999999999999943e+01,5.000000000000000000e-01,2.999999999999999889e-01,2.000000000000000111e-01,1.500000000000000000e+02,1.500000000000000000e+01
2.692214560508728027e+01,9.056396761745206447e+01,0.000000000000000000e+00,2.669999999999999929e+01,2.285999999999999943e+01,5.000000000000000000e-01,2.999999999999999889e-01,2.000000000000000111e-01,1.500000000000000000e+02,1.500000000000000000e+01
2.991311669349670410e+01,9.056396761745206447e+01,0.000000000000000000e+00,2.767000000000000171e+01,2.292999999999999972e+01,5.999999999999999778e-01,2.999999999999999889e-01,2.099999999999999922e-01,1.469791064599999970e+02,1.400000000000000000e+01
3.290456962585449219e+01,9.056396761745206447e+01,0.000000000000000000e+00,2.862999999999999901e+01,2.305999999999999872e+01,6.999999999999999556e-01,2.999999999999999889e-01,2.200000000000000011e-01,1.519791060000000016e+02,1.500000000000000000e+01
3.589494609832763672e+01,9.056396761745206447e+01,0.000000000000000000e+00,2.960000000000000142e+01,2.312000000000000099e+01,7.648195676200000293e-01,2.999999999999999889e-01,2.300000000000000100e-01,1.569791060000000016e+02,1.600000000000000000e+01
3.888572645187377930e+01,9.056396761745206447e+01,0.000000000000000000e+00,3.057000000000000028e+01,2.314999999999999858e+01,8.206096346900000338e-01,2.999999999999999889e-01,2.399999999999999911e-01,1.619791060000000016e+02,1.700000000000000000e+01
4.187725067138671875e+01,9.056396761745206447e+01,0.000000000000000000e+00,3.169000000000000128e+01,2.314999999999999858e+01,8.770400063300000104e-01,2.999999999999999889e-01,2.500000000000000000e-01,1.669791060000000016e+02,1.800000000000000000e+01
4.486839890480041504e+01,9.056396761745206447e+01,0.000000000000000000e+00,3.282000000000000028e+01,2.321999999999999886e+01,9.297830064800000072e-01,2.999999999999999889e-01,2.600000000000000089e-01,1.719791060000000016e+02,1.900000000000000000e+01
4.786078619956970215e+01,9.056396761745206447e+01,0.000000000000000000e+00,3.410999999999999943e+01,2.348000000000000043e+01,9.834373515700000068e-01,2.999999999399999839e-01,2.700000000000000178e-01,1.769791060000000016e+02,2.000000000000000000e+01
5.085167837142944336e+01,9.056396761745206447e+01,0.000000000000000000e+00,3.510999999999999943e+01,2.348000000000000043e+01,1.000000000000000000e+00,2.999999999999999889e-01,2.800000000000000266e-01,1.801714492700000108e+02,2.000000000000000000e+01
5.384316444396972656e+01,9.056396761745206447e+01,0.000000000000000000e+00,3.636999999999999744e+01,2.360999999999999943e+01,1.000000000000000000e+00,2.999999999999999889e-01,2.899999999999999800e-01,1.800267420200000004e+02,2.000000000000000000e+01
5.683528089523315430e+01,9.056396761745206447e+01,0.000000000000000000e+00,3.732999999999999829e+01,2.380000000000000071e+01,1.000000000000000000e+00,2.999999999999999889e-01,2.999999999999999889e-01,1.798642506699999899e+02,2.000000000000000000e+01
5.982629942893981934e+01,9.056396761745206447e+01,0.000000000000000000e+00,3.839999999999999858e+01,2.385999999999999943e+01,9.764302064700000061e-01,2.999999999999999889e-01,3.099999999999999978e-01,1.748642519999999934e+02,2.000000000000000000e+01
6.281713604927062988e+01,9.056396761745206447e+01,0.000000000000000000e+00,3.959000000000000341e+01,2.412000000000000099e+01,9.531180790800000135e-01,2.999999999999999889e-01,3.200000000000000067e-01,1.698642519999999934e+02,2.000000000000000000e+01
6.580796098709106445e+01,9.056396761745206447e+01,0.000000000000000000e+00,4.056000000000000227e+01,2.414999999999999858e+01,9.309469538800000388e-01,2.999999999999999889e-01,3.300000000000000155e-01,1.648642519999999934e+02,2.000000000000000000e+01
6.879910802841186523e+01,9.056396761745206447e+01,0.000000000000000000e+00,4.152000000000000313e+01,2.444000000000000128e+01,9.083268718800000530e-01,2.999999999999999889e-01,3.400000000000000244e-01,1.598642519999999934e+02,2.000000000000000000e+01
7.179041886329650879e+01,9.056396761745206447e+01,0.000000000000000000e+00,4.275000000000000000e+01,2.453999999999999915e+01,8.860139983300000521e-01,2.999999999999999889e-01,3.499999999999999778e-01,1.548642519999999934e+02,2.000000000000000000e+01
7.478085780143737793e+01,9.056396761745206447e+01,0.000000000000000000e+00,4.378000000000000114e+01,2.476999999999999957e+01,8.648225678800000038e-01,2.999999999999999889e-01,3.599999999999999867e-01,1.498642519999999934e+02,2.000000000000000000e+01
7.777165102958679199e+01,9.056396761745206447e+01,0.000000000000000000e+00,4.475000000000000000e+01,2.498999999999999844e+01,8.443573516000000279e-01,2.999999999999999889e-01,3.699999999999999956e-01,1.448642519999999934e+02,2.000000000000000000e+01
8.076263761520385742e+01,9.056396761745206447e+01,0.000000000000000000e+00,4.571000000000000085e+01,2.508999999999999986e+01,8.271926269699999557e-01,2.999999999999999889e-01,3.800000000000000044e-01,1.398642519999999934e+02,2.000000000000000000e+01
8.375380277633666992e+01,9.056396761745206447e+01,0.000000000000000000e+00,4.667999999999999972e+01,2.537999999999999901e+01,8.082285813499999749e-01,2.999999999999999889e-01,3.900000000000000133e-01,1.348642519999999934e+02,2.000000000000000000e+01
8.674453282356262207e+01,9.056396761745206447e+01,0.000000000000000000e+00,4.771000000000000085e+01,2.544000000000000128e+01,7.880056291799999446e-01,2.999999999999999889e-01,4.000000000000000222e-01,1.298642519999999934e+02,2.000000000000000000e+01
8.973462343215942383e+01,9.056396761745206447e+01,0.000000000000000000e+00,4.877000000000000313e+01,2.573000000000000043e+01,7.682987201099999997e-01,2.999999999999999889e-01,4.099999999999999756e-01,1.248642519999999934e+02,2.000000000000000000e+01
9.272485160827636719e+01,9.056396761745206447e+01,0.000000000000000000e+00,4.957999999999999829e+01,2.592999999999999972e+01,7.566326666699999537e-01,2.999999999999999889e-01,4.199999999999999845e-01,1.216821963600000061e+02,2.000000000000000000e+01
9.571593666076660156e+01,9.056396761745206447e+01,0.000000000000000000e+00,5.054999999999999716e+01,2.605000000000000071e+01,7.545194246799999949e-01,2.999999999999999889e-01,4.299999999999999933e-01,1.207597786599999949e+02,2.000000000000000000e+01
9.870710015296936035e+01,9.056396761745206447e+01,0.000000000000000000e+00,5.147999999999999687e+01,2.637999999999999901e+01,7.624803650700000546e-01,2.999999999999999889e-01,4.400000000000000022e-01,1.219109003500000057e+02,2.000000000000000000e+01
1.016981117725372314e+02,9.056396761745206447e+01,0.000000000000000000e+00,5.235000000000000142e+01,2.646999999999999886e+01,7.793327488700000361e-01,2.999999999999999889e-01,4.500000000000000111e-01,1.247007929300000058e+02,2.000000000000000000e+01
1.046890575885772705e+02,9.056396761745206447e+01,0.000000000000000000e+00,5.345000000000000284e+01,2.669999999999999929e+01,7.970683447399999899e-01,2.999999999999999889e-01,4.600000000000000200e-01,1.276920854399999996e+02,2.000000000000000000e+01
1.076798751354217529e+02,9.056396761745206447e+01,0.000000000000000000e+00,5.411999999999999744e+01,2.701999999999999957e+01,8.118247811800000102e-01,2.999999999999999889e-01,4.699999999999999734e-01,1.301868750900000009e+02,2.000000000000000000e+01
1.106713771820068359e+02,9.056396761745206447e+01,0.000000000000000000e+00,5.474000000000000199e+01,2.708999999999999986e+01,8.330030598800000075e-01,2.999999999999999889e-01,4.799999999999999822e-01,1.336839653799999894e+02,2.000000000000000000e+01
1.136622076034545898e+02,9.056396761745206447e+01,0.000000000000000000e+00,5.540999999999999659e+01,2.733999999999999986e+01,8.459598430400000479e-01,2.999999999999999889e-01,4.899999999999999911e-01,1.358653818999999885e+02,2.000000000000000000e+01
1.166535093784332275e+02,9.056396761745206447e+01,0.000000000000000000e+00,5.635000000000000142e+01,2.757000000000000028e+01,8.609313051000000439e-01,2.999999999999999889e-01,5.000000000000000000e-01,1.383929820900000038e+02,2.000000000000000000e+01
1.196444218158721924e+02,9.056396761745206447e+01,0.000000000000000000e+00,5.728000000000000114e+01,2.769999999999999929e+01,8.687387734599999467e-01,2.999999999999999889e-01,5.100000000000000089e-01,1.396738857500000108e+02,2.000000000000000000e+01
1.226362812519073486e+02,9.056396761745206447e+01,0.000000000000000000e+00,5.796000000000000085e+01,2.798999999999999844e+01,8.757052207600000138e-01,2.999999999999999889e-01,5.200000000000000178e-01,1.407129662700000097e+02,2.000000000000000000e+01
1.256275231838226318e+02,9.056396761745206447e+01,0.000000000000000000e+00,5.892999999999999972e+01,2.830999999999999872e+01,8.914419449599999545e-01,2.999999999999999889e-01,5.300000000000000266e-01,1.433420057399999905e+02,2.000000000000000000e+01
1.286180982589721680e+02,9.056396761745206447e+01,0.000000000000000000e+00,5.957000000000000028e+01,2.860000000000000142e+01,9.081365891499999510e-01,2.999999999999999889e-01,5.400000000000000355e-01,1.460025663700000109e+02,2.000000000000000000e+01
1.316092219352722168e+02,9.056396761745206447e+01,0.000000000000000000e+00,6.053999999999999915e+01,2.885999999999999943e+01,9.212315495899999762e-01,2.999999999999999889e-01,5.500000000000000444e-01,1.482225376199999971e+02,2.000000000000000000e+01
1.345999884605407715e+02,9.056396761745206447e+01,0.000000000000000000e+00,6.117999999999999972e+01,2.898999999999999844e+01,9.362539302300000310e-01,2.999999999999999889e-01,5.600000000000000533e-01,1.509256318500000020e+02,2.000000000000000000e+01
1.376082255840301514e+02,9.056396761745206447e+01,0.000000000000000000e+00,6.214999999999999858e+01,2.928000000000000114e+01,9.456074356300000483e-01,2.999999999999999889e-01,5.699999999999999512e-01,1.522737926800000139e+02,2.000000000000000000e+01
1.405993952751159668e+02,9.056396761745206447e+01,0.000000000000000000e+00,6.311999999999999744e+01,2.960000000000000142e+01,9.634121219000000291e-01,2.999999999999999889e-01,5.799999999999999600e-01,1.555849814499999866e+02,2.000000000000000000e+01
1.435901916027069092e+02,9.056396761745206447e+01,0.000000000000000000e+00,6.382000000000000028e+01,2.992000000000000171e+01,9.792981524399999582e-01,2.999999999999999889e-01,5.899999999999999689e-01,1.586692524199999923e+02,2.000000000000000000e+01
1.465809309482574463e+02,9.056396761745206447e+01,0.000000000000000000e+00,6.440000000000000568e+01,3.023999999999999844e+01,9.958664521700000272e-01,2.999999999999999889e-01,5.999999999999999778e-01,1.619429131400000017e+02,2.000000000000000000e+01
1.495785374641418457e+02,7.665092563626441802e+01,6.862541570267025293e+01,6.501999999999999602e+01,3.057000000000000028e+01,1.000000000000000000e+00,2.999999999999999889e-01,6.079662323500000243e-01,1.625880284200000006e+02,2.000000000000000000e+01
1.525695011615753174e+02,7.665092563626441802e+01,6.862541570267025293e+01,6.562999999999999545e+01,3.101999999999999957e+01,1.000000000000000000e+00,2.000000000000000111e-01,6.101879502699999458e-01,1.623148656799999969e+02,2.000000000000000000e+01
1.555662932395935059e+02,7.665092563626441802e+01,6.862541570267025293e+01,6.604999999999999716e+01,3.114999999999999858e+01,1.000000000000000000e+00,1.000000000000000056e-01,6.076139054200000444e-01,1.614795561599999871e+02,2.000000000000000000e+01
1.585574467182159424e+02,7.665092563626441802e+01,6.862541570267025293e+01,6.665999999999999659e+01,3.157000000000000028e+01,1.000000000000000000e+00,2.000000000000000111e-01,6.058404813100000119e-01,1.606883314400000131e+02,2.000000000000000000e+01
1.615501260757446289e+02,7.665092563626441802e+01,6.862541570267025293e+01,6.729999999999999716e+01,3.214999999999999858e+01,1.000000000000000000e+00,2.999999999999999889e-01,6.031128794000000237e-01,1.594843760100000054e+02,2.000000000000000000e+01
1.645482213497161865e+02,7.665092563626441802e+01,6.862541570267025293e+01,6.784999999999999432e+01,3.256000000000000227e+01,1.000000000000000000e+00,4.000000000000000222e-01,6.012633983899999812e-01,1.588457932500000140e+02,2.000000000000000000e+01
1.675476353168487549e+02,7.665092563626441802e+01,6.862541570267025293e+01,6.826999999999999602e+01,3.310999999999999943e+01,1.000000000000000000e+00,5.000000000000000000e-01,5.945132660099999855e-01,1.568174433599999986e+02,2.000000000000000000e+01
1.705424458980560303e+02,7.665092563626441802e+01,6.862541570267025293e+01,6.853000000000000114e+01,3.368999999999999773e+01,1.000000000000000000e+00,5.999999999999999778e-01,5.919457285200000474e-01,1.558186697300000105e+02,2.000000000000000000e+01
1.735397799015045166e+02,7.665092563626441802e+01,6.862541570267025293e+01,6.887999999999999545e+01,3.427000000000000313e+01,1.000000000000000000e+00,6.896275508300000467e-01,5.894283604600000226e-01,1.552426494999999989e+02,2.000000000000000000e+01
1.765306429862976074e+02,7.665092563626441802e+01,6.862541570267025293e+01,6.929999999999999716e+01,3.482000000000000028e+01,1.000000000000000000e+00,6.481996000699999927e-01,5.794283599999999756e-01,1.528470599400000083e+02,2.000000000000000000e+01
1.795221910476684570e+02,7.665092563626441802e+01,6.862541570267025293e+01,6.987999999999999545e+01,3.546000000000000085e+01,1.000000000000000000e+00,5.981782924899999854e-01,5.697087118400000483e-01,1.503930875199999946e+02,2.000000000000000000e+01
1.825133681297302246e+02,7.665092563626441802e+01,6.862541570267025293e+01,7.023999999999999488e+01,3.585000000000000142e+01,1.000000000000000000e+00,5.890928174099999692e-01,5.664872656599999612e-01,1.495425388099999964e+02,2.000000000000000000e+01
1.855040323734283447e+02,7.665092563626441802e+01,6.862541570267025293e+01,7.053000000000000114e+01,3.665999999999999659e+01,1.000000000000000000e+00,5.558261613799999612e-01,5.650020786099999581e-01,1.488022937700000057e+02,2.000000000000000000e+01
1.884952335357666016e+02,7.665092563626441802e+01,6.862541570267025293e+01,7.084999999999999432e+01,3.717000000000000171e+01,1.000000000000000000e+00,5.325210558999999844e-01,5.637579274299999721e-01,1.482863067600000022e+02,2.000000000000000000e+01
1.914860525131225586e+02,7.665092563626441802e+01,6.862541570267025293e+01,7.117000000000000171e+01,3.800999999999999801e+01,1.000000000000000000e+00,5.256028627600000114e-01,5.603004783499999641e-01,1.472767917799999964e+02,2.000000000000000000e+01
1.944770550727844238e+02,7.665092563626441802e+01,6.862541570267025293e+01,7.129999999999999716e+01,3.885000000000000142e+01,1.000000000000000000e+00,5.223788499899999493e-01,5.570631353899999638e-01,1.463788952600000073e+02,2.000000000000000000e+01
1.974681334495544434e+02,7.665092563626441802e+01,6.862541570267025293e+01,7.148999999999999488e+01,3.949000000000000199e+01,1.000000000000000000e+00,5.215731938000000012e-01,5.562489823199999739e-01,1.461486434800000040e+02,2.000000000000000000e+01
2.004585556983947754e+02,7.665092563626441802e+01,6.862541570267025293e+01,7.181999999999999318e+01,4.003999999999999915e+01,1.000000000000000000e+00,5.190128250100000118e-01,5.536513263600000290e-01,1.453997692000000086e+02,2.000000000000000000e+01
2.034496784210205078e+02,7.665092563626441802e+01,6.862541570267025293e+01,7.214000000000000057e+01,4.068999999999999773e+01,1.000000000000000000e+00,5.179758461500000299e-01,5.526847041700000407e-01,1.451109537300000056e+02,2.000000000000000000e+01
2.064633812904357910e+02,7.665092563626441802e+01,6.862541570267025293e+01,7.245999999999999375e+01,4.117000000000000171e+01,1.000000000000000000e+00,5.110016630899999468e-01,5.515219581800000492e-01,1.442972007600000097e+02,2.000000000000000000e+01
2.094545979499816895e+02,7.665092563626441802e+01,6.862541570267025293e+01,7.278000000000000114e+01,4.185000000000000142e+01,1.000000000000000000e+00,5.069027668200000170e-01,5.512599770399999599e-01,1.439179162000000076e+02,2.000000000000000000e+01
2.124455957412719727e+02,7.665092563626441802e+01,6.862541570267025293e+01,7.290999999999999659e+01,4.246000000000000085e+01,1.000000000000000000e+00,4.987727458299999750e-01,5.504642770600000068e-01,1.429957998099999941e+02,2.000000000000000000e+01
2.154364218711853027e+02,7.665092563626441802e+01,6.862541570267025293e+01,7.298000000000000398e+01,4.310000000000000142e+01,1.000000000000000000e+00,4.958677125600000068e-01,5.477777255800000411e-01,1.421253610599999888e+02,2.000000000000000000e+01
2.184273917675018311e+02,7.665092563626441802e+01,6.862541570267025293e+01,7.343000000000000682e+01,4.384000000000000341e+01,1.000000000000000000e+00,4.948812698599999726e-01,5.468452848699999480e-01,1.418190180199999872e+02,2.000000000000000000e+01
2.214464569091796875e+02,7.665092563626441802e+01,6.862541570267025293e+01,7.375000000000000000e+01,4.403999999999999915e+01,1.000000000000000000e+00,4.910116901700000147e-01,5.432497090600000300e-01,1.406087205400000073e+02,2.000000000000000000e+01
2.244369661808013916e+02,7.665092563626441802e+01,6.862541570267025293e+01,7.406999999999999318e+01,4.475000000000000000e+01,1.000000000000000000e+00,4.873012981100000029e-01,5.415802639100000260e-01,1.397564052099999969e+02,2.000000000000000000e+01
2.274271187782287598e+02,7.665092563626441802e+01,6.862541570267025293e+01,7.439000000000000057e+01,4.535999999999999943e+01,1.000000000000000000e+00,4.861046299699999795e-01,5.405431473799999775e-01,1.393865285200000130e+02,2.000000000000000000e+01
2.304178147315979004e+02,7.665092563626441802e+01,6.862541570267025293e+01,7.471999999999999886e+01,4.607000000000000028e+01,1.000000000000000000e+00,4.841312599400000027e-01,5.388342794799999558e-01,1.387692580400000111e+02,2.000000000000000000e+01
2.334089999198913574e+02,7.665092563626441802e+01,6.862541570267025293e+01,7.504000000000000625e+01,4.632999999999999829e+01,1.000000000000000000e+00,4.831189428600000113e-01,5.379534270800000462e-01,1.384443017199999986e+02,2.000000000000000000e+01
2.364001584053039551e+02,7.665092563626441802e+01,6.862541570267025293e+01,7.535999999999999943e+01,4.678000000000000114e+01,1.000000000000000000e+00,4.801397793500000177e-01,5.375824136600000358e-01,1.378488804799999912e+02,2.000000000000000000e+01
2.393913118839263916e+02,7.665092563626441802e+01,9.046162378132736137e+01,7.535999999999999943e+01,4.760999999999999943e+01,1.000000000000000000e+00,4.797093108200000122e-01,5.371989190499999456e-01,1.377038938100000109e+02,2.000000000000000000e+01
2.423824036121368408e+02,7.665092563626441802e+01,9.046162378132736137e+01,7.548999999999999488e+01,4.793999999999999773e+01,1.000000000000000000e+00,4.782296929500000071e-01,5.352781275800000405e-01,1.370834922699999936e+02,2.000000000000000000e+01
2.454099428653717041e+02,7.665092563626441802e+01,9.046162378132736137e+01,7.568000000000000682e+01,4.847999999999999687e+01,1.000000000000000000e+00,4.778725409099999766e-01,5.347461523900000069e-01,1.369243493200000046e+02,2.000000000000000000e+01
2.484007143974304199e+02,7.665092563626441802e+01,9.046162378132736137e+01,7.565000000000000568e+01,4.900000000000000000e+01,1.000000000000000000e+00,4.767865754500000275e-01,5.324167853600000333e-01,1.363296715799999959e+02,2.000000000000000000e+01
2.513926308155059814e+02,7.665092563626441802e+01,9.046162378132736137e+01,7.601000000000000512e+01,4.954999999999999716e+01,1.000000000000000000e+00,4.785582455699999849e-01,5.313844540700000119e-01,1.365048250899999971e+02,2.000000000000000000e+01
2.543827297687530518e+02,7.665092563626441802e+01,9.046162378132736137e+01,7.632999999999999829e+01,5.028999999999999915e+01,1.000000000000000000e+00,4.790600315899999906e-01,5.286393340999999690e-01,1.362138991600000111e+02,2.000000000000000000e+01
2.573976235389709473e+02,7.665092563626441802e+01,9.046162378132736137e+01,7.684000000000000341e+01,5.077000000000000313e+01,1.000000000000000000e+00,4.830454973700000210e-01,5.250099661399999507e-01,1.366281167999999866e+02,2.000000000000000000e+01
2.603882572650909424e+02,7.665092563626441802e+01,9.046162378132736137e+01,7.717000000000000171e+01,5.115999999999999659e+01,1.000000000000000000e+00,4.933318196099999997e-01,5.177194736800000419e-01,1.380672083400000076e+02,2.000000000000000000e+01
2.633784558773040771e+02,7.665092563626441802e+01,9.046162378132736137e+01,7.739000000000000057e+01,5.179999999999999716e+01,1.000000000000000000e+00,4.930302376099999773e-01,5.158561521600000255e-01,1.377460819800000138e+02,2.000000000000000000e+01
2.663696789741516113e+02,7.665092563626441802e+01,9.046162378132736137e+01,7.768000000000000682e+01,5.253999999999999915e+01,1.000000000000000000e+00,4.972553520999999921e-01,5.116648527799999568e-01,1.383046577099999865e+02,2.000000000000000000e+01
2.693600294589996338e+02,7.665092563626441802e+01,9.046162378132736137e+01,7.784000000000000341e+01,5.289999999999999858e+01,1.000000000000000000e+00,4.999378964999999786e-01,5.075600036699999817e-01,1.385419344500000136e+02,2.000000000000000000e+01
2.723506307601928711e+02,7.665092563626441802e+01,9.046162378132736137e+01,7.775000000000000000e+01,5.357999999999999829e+01,1.000000000000000000e+00,5.000650233900000297e-01,5.042381470300000279e-01,1.381816075600000033e+02,2.000000000000000000e+01
2.753414049148559570e+02,7.665092563626441802e+01,9.046162378132736137e+01,7.781000000000000227e+01,5.409000000000000341e+01,1.000000000000000000e+00,5.109639399500000012e-01,4.949356108299999835e-01,1.402413647600000104e+02,2.000000000000000000e+01
2.783325269222259521e+02,7.665092563626441802e+01,9.046162378132736137e+01,7.793999999999999773e+01,5.479999999999999716e+01,1.000000000000000000e+00,5.159558734000000424e-01,4.916238555999999926e-01,1.413283550600000069e+02,2.000000000000000000e+01
2.813232803344726562e+02,7.665092563626441802e+01,9.046162378132736137e+01,7.796999999999999886e+01,5.518999999999999773e+01,1.000000000000000000e+00,5.322998656099999781e-01,4.818273258499999878e-01,1.451722893699999872e+02,2.000000000000000000e+01
2.843472731113433838e+02,7.665092563626441802e+01,9.046162378132736137e+01,7.826000000000000512e+01,5.557000000000000028e+01,1.000000000000000000e+00,5.378139669999999484e-01,4.782956282899999967e-01,1.465301348200000007e+02,2.000000000000000000e+01
2.873374052047729492e+02,7.665092563626441802e+01,9.046162378132736137e+01,7.857999999999999829e+01,5.628000000000000114e+01,1.000000000000000000e+00,5.392167486800000242e-01,4.773641477900000263e-01,1.468846680499999877e+02,2.000000000000000000e+01
2.903282110691070557e+02,7.665092563626441802e+01,9.046162378132736137e+01,7.890999999999999659e+01,5.660999999999999943e+01,1.000000000000000000e+00,5.479339420300000096e-01,4.714714287999999809e-01,1.491179229100000043e+02,2.000000000000000000e+01
2.933199043273925781e+02,7.665092563626441802e+01,9.046162378132736137e+01,7.896999999999999886e+01,5.738000000000000256e+01,1.000000000000000000e+00,5.479339823100000118e-01,4.714713982800000092e-01,1.491179333700000029e+02,2.000000000000000000e+01
2.963115200996398926e+02,7.665092563626441802e+01,9.046162378132736137e+01,7.923000000000000398e+01,5.767000000000000171e+01,1.000000000000000000e+00,5.545505060800000052e-01,4.667603682900000051e-01,1.508734000700000024e+02,2.000000000000000000e+01
2.993023834228515625e+02,2.598274474889769081e+01,9.046162378132736137e+01,7.926000000000000512e+01,5.831000000000000227e+01,1.000000000000000000e+00,5.545506339300000365e-01,4.667602638300000217e-01,1.508734344499999906e+02,2.000000000000000000e+01
3.022929818630218506e+02,2.598274474889769081e+01,9.046162378132736137e+01,7.954999999999999716e+01,5.872999999999999687e+01,1.000000000000000000e+00,5.555883520300000100e-01,4.659635767900000003e-01,1.511642218499999899e+02,2.000000000000000000e+01
3.052834484577178955e+02,2.598274474889769081e+01,9.046162378132736137e+01,7.981000000000000227e+01,5.934000000000000341e+01,1.000000000000000000e+00,5.613075359000000430e-01,4.615531832900000020e-01,1.527721881900000085e+02,2.000000000000000000e+01
3.082748441696166992e+02,2.598274474889769081e+01,9.046162378132736137e+01,7.987000000000000455e+01,5.960000000000000142e+01,1.000000000000000000e+00,5.718614340500000059e-01,4.529888916400000021e-01,1.556969507500000134e+02,2.000000000000000000e+01
3.112661499977111816e+02,2.598274474889769081e+01,9.046162378132736137e+01,8.012999999999999545e+01,6.002000000000000313e+01,1.000000000000000000e+00,5.728525555700000327e-01,4.510367260700000047e-01,1.558371097200000008e+02,2.000000000000000000e+01
3.142571249008178711e+02,2.598274474889769081e+01,9.046162378132736137e+01,8.012999999999999545e+01,6.060000000000000142e+01,1.000000000000000000e+00,5.735493601200000180e-01,4.497072351699999970e-01,1.559598334199999954e+02,2.000000000000000000e+01
3.172522361278533936e+02,2.598274474889769081e+01,9.046162378132736137e+01,7.993999999999999773e+01,6.092000000000000171e+01,1.000000000000000000e+00,5.846239733800000504e-01,4.397072349999999741e-01,1.593952562800000123e+02,2.000000000000000000e+01
3.202437069416046143e+02,2.598274474889769081e+01,9.046162378132736137e+01,7.954999999999999716e+01,6.114999999999999858e+01,1.000000000000000000e+00,5.922016204000000172e-01,4.304099471699999735e-01,1.617660121399999866e+02,2.000000000000000000e+01
3.232347216606140137e+02,2.598274474889769081e+01,9.046162378132736137e+01,7.906999999999999318e+01,6.160000000000000142e+01,1.000000000000000000e+00,5.955696591600000422e-01,4.252775113799999729e-01,1.627661826300000030e+02,1.999260086199999975e+01
3.262255821228027344e+02,2.598274474889769081e+01,9.046162378132736137e+01,7.857999999999999829e+01,6.202000000000000313e+01,1.000000000000000000e+00,6.033828498400000129e-01,4.161302809799999891e-01,1.655744915999999876e+02,1.991485925199999940e+01
3.292163712978363037e+02,2.598274474889769081e+01,9.046162378132736137e+01,7.826000000000000512e+01,6.272999999999999687e+01,1.000000000000000000e+00,6.102362274200000547e-01,4.061302809999999819e-01,1.677975958400000138e+02,1.985161613700000061e+01
3.322079479694366455e+02,2.598274474889769081e+01,9.046162378132736137e+01,7.787000000000000455e+01,6.311999999999999744e+01,1.000000000000000000e+00,6.204661407499999504e-01,3.961302809999999730e-01,1.714243392600000107e+02,1.978667363499999965e+01
3.351988880634307861e+02,2.598274474889769081e+01,9.046162378132736137e+01,7.748999999999999488e+01,6.331000000000000227e+01,1.000000000000000000e+00,6.305931426699999953e-01,3.861302810000000196e-01,1.749946660699999939e+02,1.974879635199999939e+01
3.381896030902862549e+02,2.598274474889769081e+01,9.046162378132736137e+01,7.729000000000000625e+01,6.363000000000000256e+01,1.000000000000000000e+00,6.401943906799999473e-01,3.761302810000000107e-01,1.786859154299999943e+02,1.964774879200000157e+01
3.411805310249328613e+02,2.598274474889769081e+01,9.046162378132736137e+01,7.696999999999999886e+01,6.407999999999999829e+01,1.000000000000000000e+00,6.495362853599999653e-01,3.661302810000000019e-01,1.824245766500000059e+02,1.953591504399999934e+01
3.441713004112243652e+02,2.598274474889769081e+01,9.046162378132736137e+01,7.632999999999999829e+01,6.423999999999999488e+01,1.000000000000000000e+00,6.583983135700000044e-01,3.561302809999999930e-01,1.862762040800000136e+02,1.939611447200000072e+01
3.471628880500793457e+02,2.598274474889769081e+01,9.046162378132736137e+01,7.568000000000000682e+01,6.446999999999999886e+01,1.000000000000000000e+00,6.673470219299999506e-01,3.461302809999999841e-01,1.907717504500000132e+02,1.912135977599999848e+01
3.501541707515716553e+02,2.598274474889769081e+01,9.046162378132736137e+01,7.504000000000000625e+01,6.468999999999999773e+01,1.000000000000000000e+00,6.738083293900000159e-01,3.361302809999999752e-01,1.957717499999999973e+02,1.857897041400000049e+01
3.531446309089660645e+02,2.598274474889769081e+01,9.046162378132736137e+01,7.471999999999999886e+01,6.510999999999999943e+01,1.000000000000000000e+00,6.744009071300000047e-01,3.337670178500000140e-01,1.967384397600000057e+02,1.839858863599999950e+01
3.561353857517242432e+02,2.598274474889769081e+01,9.046162378132736137e+01,7.406999999999999318e+01,6.531000000000000227e+01,1.000000000000000000e+00,6.687018609299999472e-01,3.359208440500000004e-01,1.945488350900000114e+02,1.836421613199999925e+01
3.591261451244354248e+02,2.598274474889769081e+01,9.046162378132736137e+01,7.343000000000000682e+01,6.523999999999999488e+01,1.000000000000000000e+00,6.636860949599999726e-01,3.378831215399999977e-01,1.923173105699999894e+02,1.837304462099999824e+01
3.621169154644012451e+02,2.598274474889769081e+01,9.046162378132736137e+01,7.310999999999999943e+01,6.565999999999999659e+01,1.000000000000000000e+00,6.527718075399999709e-01,3.419887715100000114e-01,1.873173109999999895e+02,1.841045680899999937e+01
3.651074047088623047e+02,2.598274474889769081e+01,9.046162378132736137e+01,7.278000000000000114e+01,6.598000000000000398e+01,1.000000000000000000e+00,6.418464471100000512e-01,3.469570719699999750e-01,1.823173109999999895e+02,1.844422362499999934e+01
3.680980658531188965e+02,2.598274474889769081e+01,9.046162378132736137e+01,7.245999999999999375e+01,6.626999999999999602e+01,1.000000000000000000e+00,6.393522358700000074e-01,3.456386558299999745e-01,1.808148383699999897e+02,1.845376684100000020e+01
3.710892083644866943e+02,2.598274474889769081e+01,9.046162378132736137e+01,7.214000000000000057e+01,6.623999999999999488e+01,1.000000000000000000e+00,6.362885595199999633e-01,3.376661321900000234e-01,1.804373578100000088e+02,1.807892529600000131e+01
3.740799844264984131e+02,2.598274474889769081e+01,9.046162378132736137e+01,7.178000000000000114e+01,6.662999999999999545e+01,1.000000000000000000e+00,6.360287109000000161e-01,3.366200350199999858e-01,1.806427098100000137e+02,1.800769800000000131e+01
3.770713956356048584e+02,2.598274474889769081e+01,9.046162378132736137e+01,7.129999999999999716e+01,6.704999999999999716e+01,1.000000000000000000e+00,6.354324097500000379e-01,3.331546322699999729e-01,1.810399081500000023e+02,1.781305269699999982e+01
3.800620813369750977e+02,2.598274474889769081e+01,9.046162378132736137e+01,7.084999999999999432e+01,6.720999999999999375e+01,1.000000000000000000e+00,6.342280112300000550e-01,3.276689918499999798e-01,1.815766640800000005e+02,1.752465378999999857e+01
3.830526018142700195e+02,2.598274474889769081e+01,9.046162378132736137e+01,7.053000000000000114e+01,6.737000000000000455e+01,1.000000000000000000e+00,6.336029989200000490e-01,3.254566756400000260e-01,1.814577367400000014e+02,1.745287571800000137e+01
3.860438466072082520e+02,2.598274474889769081e+01,9.046162378132736137e+01,6.992000000000000171e+01,6.737000000000000455e+01,1.000000000000000000e+00,6.323052862900000459e-01,3.201760513899999938e-01,1.814786343400000135e+02,1.725110369500000118e+01
3.890344004631042480e+02,2.598274474889769081e+01,6.357258696059891889e+01,6.956000000000000227e+01,6.756000000000000227e+01,1.000000000000000000e+00,6.305613741400000194e-01,3.129614675299999815e-01,1.797395427300000108e+02,1.720835200799999853e+01
3.920258870124816895e+02,2.598274474889769081e+01,6.357258696059891889e+01,6.923999999999999488e+01,6.759000000000000341e+01,1.000000000000000000e+00,6.291649152099999531e-01,3.063411366400000113e-01,1.789661111400000095e+02,1.706229343400000076e+01
3.950160048007965088e+02,2.598274474889769081e+01,6.357258696059891889e+01,6.895000000000000284e+01,6.792000000000000171e+01,1.000000000000000000e+00,6.275333220600000095e-01,2.963411369999999767e-01,1.784019470000000069e+02,1.676265184900000094e+01
3.980071163177490234e+02,2.598274474889769081e+01,6.357258696059891889e+01,6.862999999999999545e+01,6.801000000000000512e+01,1.000000000000000000e+00,6.269892905099999636e-01,2.877828967900000201e-01,1.783339785800000072e+02,1.651295304900000005e+01
4.009984874725341797e+02,2.598274474889769081e+01,6.357258696059891889e+01,6.840000000000000568e+01,6.814000000000000057e+01,1.000000000000000000e+00,6.266167405500000509e-01,2.822588462599999737e-01,1.784578427200000021e+02,1.632298254799999881e+01
4.039903302192687988e+02,2.598274474889769081e+01,6.357258696059891889e+01,6.804999999999999716e+01,6.801000000000000512e+01,1.000000000000000000e+00,6.264279066100000293e-01,2.750375003000000151e-01,1.788748407900000075e+02,1.601198821899999913e+01
4.069815745353698730e+02,2.598274474889769081e+01,6.357258696059891889e+01,6.771999999999999886e+01,6.801000000000000512e+01,1.000000000000000000e+00,6.251263686900000449e-01,2.681518075000000056e-01,1.800002667599999882e+02,1.554678696100000046e+01
4.099722709655761719e+02,2.598274474889769081e+01,6.357258696059891889e+01,6.743000000000000682e+01,6.804999999999999716e+01,1.000000000000000000e+00,6.246592949899999470e-01,2.620820608600000212e-01,1.806074958899999956e+02,1.522083085400000080e+01
4.129633247852325439e+02,2.598274474889769081e+01,6.357258696059891889e+01,6.729999999999999716e+01,6.804999999999999716e+01,1.000000000000000000e+00,6.242953471200000104e-01,2.674611650700000065e-01,1.817178748299999995e+02,1.507635645699999927e+01
4.159550929069519043e+02,2.598274474889769081e+01,6.357258696059891889e+01,6.698000000000000398e+01,6.801000000000000512e+01,1.000000000000000000e+00,6.233877726100000016e-01,2.774611650000000096e-01,1.836708330699999863e+02,1.478289299100000065e+01
4.189456532001495361e+02,2.598274474889769081e+01,6.357258696059891889e+01,6.665999999999999659e+01,6.787999999999999545e+01,1.000000000000000000e+00,6.227716858499999786e-01,2.874611650000000185e-01,1.846564492699999960e+02,1.472301487400000042e+01
4.219372177124023438e+02,2.598274474889769081e+01,6.357258696059891889e+01,6.646999999999999886e+01,6.781999999999999318e+01,1.000000000000000000e+00,6.219997937200000271e-01,2.974611650000000274e-01,1.862217945200000031e+02,1.449395411899999964e+01
4.249282350540161133e+02,2.598274474889769081e+01,6.357258696059891889e+01,6.634000000000000341e+01,6.792000000000000171e+01,1.000000000000000000e+00,6.216319681699999933e-01,3.074611649999999807e-01,1.868308783800000015e+02,1.451932053099999997e+01
4.279201304912567139e+02,2.598274474889769081e+01,6.357258696059891889e+01,6.601999999999999602e+01,6.759000000000000341e+01,1.000000000000000000e+00,6.212683430600000056e-01,3.174611649999999896e-01,1.874077920699999993e+02,1.454193541200000084e+01
4.309115788936614990e+02,2.598274474889769081e+01,6.357258696059891889e+01,6.556000000000000227e+01,6.759000000000000341e+01,1.000000000000000000e+00,6.208163920999999474e-01,3.274611649999999985e-01,1.878570627999999942e+02,1.457129514999999920e+01
4.339033050537109375e+02,2.598274474889769081e+01,6.357258696059891889e+01,6.518000000000000682e+01,6.718000000000000682e+01,1.000000000000000000e+00,6.203419047999999547e-01,3.374611650000000074e-01,1.882584530500000142e+02,1.459664061199999985e+01
4.368940989971160889e+02,2.598274474889769081e+01,6.357258696059891889e+01,6.504999999999999716e+01,6.726999999999999602e+01,1.000000000000000000e+00,6.196772268200000378e-01,3.474611650000000163e-01,1.885848479800000064e+02,1.460695638700000032e+01
4.398856663703918457e+02,2.598274474889769081e+01,6.357258696059891889e+01,6.489000000000000057e+01,6.726999999999999602e+01,1.000000000000000000e+00,6.189185834000000552e-01,3.574611650000000251e-01,1.889635067300000060e+02,1.460152552199999931e+01
4.428765203952789307e+02,2.598274474889769081e+01,6.357258696059891889e+01,6.473000000000000398e+01,6.723999999999999488e+01,1.000000000000000000e+00,6.184575711199999937e-01,3.674611649999999785e-01,1.893462212800000088e+02,1.461356907499999913e+01
4.458673067092895508e+02,2.598274474889769081e+01,6.357258696059891889e+01,6.440000000000000568e+01,6.692000000000000171e+01,1.000000000000000000e+00,6.178738266500000131e-01,3.774611649999999874e-01,1.897115415000000098e+02,1.461502683700000027e+01
4.488588500022888184e+02,9.049456946664787438e+01,6.357258696059891889e+01,6.375999999999999801e+01,6.640000000000000568e+01,1.000000000000000000e+00,6.171503401500000319e-01,3.874611649999999963e-01,1.899996632200000022e+02,1.461480372399999972e+01
4.518493478298187256e+02,0.000000000000000000e+00,6.357258696059891889e+01,6.372999999999999687e+01,6.631000000000000227e+01,1.000000000000000000e+00,6.166597596699999739e-01,3.974611650000000052e-01,1.901226649399999928e+02,1.463588151099999912e+01
4.548407979011535645e+02,0.000000000000000000e+00,6.357258696059891889e+01,6.343999999999999773e+01,6.589000000000000057e+01,1.000000000000000000e+00,6.161682337499999607e-01,4.074611650000000140e-01,1.901681085900000028e+02,1.465583600000000075e+01
4.578322429656982422e+02,0.000000000000000000e+00,6.357258696059891889e+01,6.343999999999999773e+01,6.595000000000000284e+01,1.000000000000000000e+00,6.152165947300000104e-01,4.174611650000000229e-01,1.895313868000000070e+02,1.467916862000000044e+01
4.608238973617553711e+02,0.000000000000000000e+00,6.357258696059891889e+01,6.343999999999999773e+01,6.601999999999999602e+01,1.000000000000000000e+00,6.146748547100000515e-01,4.274611649999999763e-01,1.895254601599999944e+02,1.469462171400000017e+01
4.638150436878204346e+02,0.000000000000000000e+00,6.357258696059891889e+01,6.314999999999999858e+01,6.579000000000000625e+01,1.000000000000000000e+00,6.142037712200000277e-01,4.374611649999999852e-01,1.894852515499999868e+02,1.471513317299999990e+01
4.668065364360809326e+02,0.000000000000000000e+00,6.357258696059891889e+01,6.311999999999999744e+01,6.565999999999999659e+01,1.000000000000000000e+00,6.135735098000000276e-01,4.474611649999999941e-01,1.894683023300000002e+02,1.473127016199999950e+01
4.697972304821014404e+02,0.000000000000000000e+00,6.357258696059891889e+01,6.278999999999999915e+01,6.540000000000000568e+01,1.000000000000000000e+00,6.123080968099999799e-01,4.574611650000000029e-01,1.895079275600000130e+02,1.474432055299999966e+01
4.727883868217468262e+02,0.000000000000000000e+00,6.357258696059891889e+01,6.246999999999999886e+01,6.540000000000000568e+01,1.000000000000000000e+00,6.119834840500000261e-01,4.674611650000000118e-01,1.894774919500000010e+02,1.476609903700000004e+01
4.757799365520477295e+02,0.000000000000000000e+00,6.357258696059891889e+01,6.214999999999999858e+01,6.534000000000000341e+01,1.000000000000000000e+00,6.111631244499999838e-01,4.774611650000000207e-01,1.895214217600000097e+02,1.477751748700000078e+01
4.787718636989593506e+02,0.000000000000000000e+00,6.357258696059891889e+01,6.182999999999999829e+01,6.531000000000000227e+01,1.000000000000000000e+00,6.095794527500000282e-01,4.874611649999999741e-01,1.896583758799999941e+02,1.478006523900000069e+01
4.817628531455993652e+02,0.000000000000000000e+00,6.357258696059891889e+01,6.146999999999999886e+01,6.485999999999999943e+01,1.000000000000000000e+00,6.076202971199999858e-01,4.974611649999999829e-01,1.902837789699999860e+02,1.470929755000000050e+01
4.847537338733673096e+02,0.000000000000000000e+00,6.357258696059891889e+01,6.104999999999999716e+01,6.501999999999999602e+01,1.000000000000000000e+00,6.049864923400000150e-01,5.074611650000000473e-01,1.916445078099999932e+02,1.455200064499999968e+01
4.877450723648071289e+02,0.000000000000000000e+00,6.357258696059891889e+01,6.063000000000000256e+01,6.501999999999999602e+01,1.000000000000000000e+00,5.954893086500000488e-01,5.174611649999999452e-01,1.942325828799999954e+02,1.431098489500000071e+01
4.907369041442871094e+02,0.000000000000000000e+00,6.357258696059891889e+01,6.025000000000000000e+01,6.481999999999999318e+01,1.000000000000000000e+00,5.920624710999999873e-01,5.274611649999999541e-01,1.959445750399999895e+02,1.417441222299999914e+01
4.937274169921875000e+02,0.000000000000000000e+00,6.357258696059891889e+01,5.989000000000000057e+01,6.459999999999999432e+01,1.000000000000000000e+00,5.902639050300000356e-01,5.374611649999999630e-01,1.989731224200000099e+02,1.389285555400000050e+01
4.967183134555816650e+02,0.000000000000000000e+00,6.357258696059891889e+01,5.953999999999999915e+01,6.462999999999999545e+01,1.000000000000000000e+00,5.885235083700000036e-01,5.474611649999999718e-01,2.000000000000000000e+02,1.386684378900000070e+01
4.997087526321411133e+02,0.000000000000000000e+00,6.357258696059891889e+01,5.892999999999999972e+01,6.428000000000000114e+01,1.000000000000000000e+00,5.877396973299999772e-01,5.574611649999999807e-01,2.000000000000000000e+02,1.407390000900000082e+01
5.026997494697570801e+02,0.000000000000000000e+00,6.357258696059891889e+01,5.860000000000000142e+01,6.440000000000000568e+01,1.000000000000000000e+00,5.873204025599999545e-01,5.674611649999999896e-01,2.000000000000000000e+02,1.430737847299999999e+01
5.056901795864105225e+02,0.000000000000000000e+00,6.357258696059891889e+01,5.821999999999999886e+01,6.399000000000000199e+01,1.000000000000000000e+00,5.866654616900000008e-01,5.774611649999999985e-01,2.000000000000000000e+02,1.463761084599999940e+01
5.086816959381103516e+02,0.000000000000000000e+00,6.357258696059891889e+01,5.764000000000000057e+01,6.404999999999999716e+01,9.960410992199999480e-01,5.851498207999999979e-01,5.874611650000000074e-01,2.000000000000000000e+02,1.499969235700000070e+01
5.116729948520660400e+02,0.000000000000000000e+00,6.357258696059891889e+01,5.731000000000000227e+01,6.382000000000000028e+01,9.980625503100000184e-01,5.842592023799999534e-01,5.974611650000000163e-01,2.000000000000000000e+02,1.536271231899999989e+01
5.152655739784240723e+02,0.000000000000000000e+00,6.357258696059891889e+01,5.679999999999999716e+01,6.372999999999999687e+01,9.861273830800000306e-01,5.824266165000000495e-01,6.074611650000000251e-01,2.000000000000000000e+02,1.636271229999999832e+01
5.182574276924133301e+02,0.000000000000000000e+00,6.357258696059891889e+01,5.650999999999999801e+01,6.363000000000000256e+01,9.829038118799999779e-01,5.803041749399999727e-01,6.174611650000000340e-01,2.000000000000000000e+02,1.736271229999999832e+01
5.212640702724456787e+02,0.000000000000000000e+00,6.357258696059891889e+01,5.603000000000000114e+01,6.365999999999999659e+01,9.741139356500000401e-01,5.789178234299999781e-01,6.274611650000000429e-01,2.000000000000000000e+02,1.836271229999999832e+01
5.242552666664123535e+02,0.000000000000000000e+00,6.357258696059891889e+01,5.553999999999999915e+01,6.307999999999999829e+01,9.591061582300000055e-01,5.773726621100000456e-01,6.374611650000000518e-01,2.000000000000000000e+02,1.936271229999999832e+01
5.272463274002075195e+02,0.000000000000000000e+00,6.357258696059891889e+01,5.538000000000000256e+01,6.307999999999999829e+01,9.539247321599999552e-01,5.759479690200000057e-01,6.474611649999999496e-01,2.000000000000000000e+02,2.000000000000000000e+01
5.302374339103698730e+02,0.000000000000000000e+00,6.357258696059891889e+01,5.506000000000000227e+01,6.307999999999999829e+01,9.535387561000000511e-01,5.763115905100000269e-01,6.574611649999999585e-01,2.000000000000000000e+02,2.000000000000000000e+01
5.332281463146209717e+02,0.000000000000000000e+00,6.357258696059891889e+01,5.474000000000000199e+01,6.282999999999999829e+01,9.598336353299999901e-01,5.764883492600000325e-01,6.674611649999999674e-01,2.000000000000000000e+02,2.000000000000000000e+01
5.363169717788696289e+02,0.000000000000000000e+00,6.357258696059891889e+01,5.440999999999999659e+01,6.299000000000000199e+01,9.611823001399999455e-01,5.768649020899999647e-01,6.774611649999999763e-01,2.000000000000000000e+02,2.000000000000000000e+01
5.393082146644592285e+02,0.000000000000000000e+00,8.721303740697106832e+01,5.409000000000000341e+01,6.307999999999999829e+01,9.675344931999999565e-01,5.772157304699999658e-01,6.874611649999999852e-01,2.000000000000000000e+02,2.000000000000000000e+01
5.423002667427062988e+02,0.000000000000000000e+00,8.721303740697106832e+01,5.374000000000000199e+01,6.295000000000000284e+01,9.701045330099999919e-01,5.778629780699999774e-01,6.974611649999999941e-01,2.000000000000000000e+02,2.000000000000000000e+01
5.452914814949035645e+02,0.000000000000000000e+00,8.721303740697106832e+01,5.313000000000000256e+01,6.253999999999999915e+01,9.691510999700000406e-01,5.794562644599999812e-01,7.074611650000000029e-01,2.000000000000000000e+02,2.000000000000000000e+01
5.483176419734954834e+02,0.000000000000000000e+00,8.721303740697106832e+01,5.247999999999999687e+01,6.250000000000000000e+01,9.682820875400000027e-01,5.805414202399999946e-01,7.174611650000000118e-01,2.000000000000000000e+02,2.000000000000000000e+01
5.513319470882415771e+02,0.000000000000000000e+00,8.721303740697106832e+01,5.215999999999999659e+01,6.211999999999999744e+01,9.673509352200000411e-01,5.816542222899999670e-01,7.274611650000000207e-01,2.000000000000000000e+02,2.000000000000000000e+01
5.543240313529968262e+02,0.000000000000000000e+00,8.721303740697106832e+01,5.184000000000000341e+01,6.211999999999999744e+01,9.660967750100000195e-01,5.825577397200000229e-01,7.374611650000000296e-01,2.000000000000000000e+02,2.000000000000000000e+01
5.573147459030151367e+02,0.000000000000000000e+00,8.721303740697106832e+01,5.135000000000000142e+01,6.221000000000000085e+01,9.644617107499999786e-01,5.835436181599999994e-01,7.474611650000000385e-01,2.000000000000000000e+02,2.000000000000000000e+01
5.603055269718170166e+02,0.000000000000000000e+00,8.721303740697106832e+01,5.086999999999999744e+01,6.202000000000000313e+01,9.644941247299999576e-01,5.841953433300000054e-01,7.464114007600000100e-01,2.000000000000000000e+02,1.999997769699999850e+01
5.632966606616973877e+02,0.000000000000000000e+00,8.721303740697106832e+01,5.057999999999999829e+01,6.225000000000000000e+01,9.645700194399999816e-01,5.848427850799999828e-01,7.453269857800000064e-01,2.000000000000000000e+02,2.000000000000000000e+01
5.662882890701293945e+02,0.000000000000000000e+00,8.721303740697106832e+01,5.032000000000000028e+01,6.221000000000000085e+01,9.697528852100000263e-01,5.846423053999999508e-01,7.387416459100000221e-01,2.000000000000000000e+02,2.000000000000000000e+01
5.692799911499023438e+02,0.000000000000000000e+00,8.721303740697106832e+01,5.010000000000000142e+01,6.202000000000000313e+01,9.790356424299999638e-01,5.840272038199999516e-01,7.287416460000000207e-01,2.000000000000000000e+02,2.000000000000000000e+01
5.722715408802032471e+02,0.000000000000000000e+00,8.721303740697106832e+01,4.957999999999999829e+01,6.170000000000000284e+01,9.877570959000000483e-01,5.832351007499999573e-01,7.187416460000000118e-01,2.000000000000000000e+02,2.000000000000000000e+01
5.752623910903930664e+02,0.000000000000000000e+00,8.721303740697106832e+01,4.925999999999999801e+01,6.160000000000000142e+01,9.445483737900000065e-01,5.823341441999999590e-01,7.087416460000000029e-01,2.000000000000000000e+02,2.000000000000000000e+01
5.782535314559936523e+02,0.000000000000000000e+00,8.721303740697106832e+01,4.893999999999999773e+01,6.157000000000000028e+01,9.222366192800000029e-01,5.812993956599999956e-01,6.987416459999999940e-01,2.000000000000000000e+02,2.000000000000000000e+01
5.812449131011962891e+02,0.000000000000000000e+00,8.721303740697106832e+01,4.860999999999999943e+01,6.138000000000000256e+01,9.111183095099999463e-01,5.801965642599999917e-01,6.887416459999999852e-01,2.000000000000000000e+02,2.000000000000000000e+01
5.842360794544219971e+02,0.000000000000000000e+00,8.721303740697106832e+01,4.847999999999999687e+01,6.150000000000000000e+01,9.055591580299999777e-01,5.784656894999999910e-01,6.787416459999999763e-01,2.000000000000000000e+02,2.000000000000000000e+01
5.872269654273986816e+02,0.000000000000000000e+00,8.721303740697106832e+01,4.828999999999999915e+01,6.157000000000000028e+01,9.027795790000000542e-01,5.767029129899999829e-01,6.687416459999999674e-01,2.000000000000000000e+02,2.000000000000000000e+01
5.902185940742492676e+02,0.000000000000000000e+00,8.721303740697106832e+01,4.796999999999999886e+01,6.157000000000000028e+01,9.013897855400000436e-01,5.737724061100000217e-01,6.587416459999999585e-01,2.000000000000000000e+02,2.000000000000000000e+01
5.932977099418640137e+02,0.000000000000000000e+00,8.721303740697106832e+01,4.767999999999999972e+01,6.157000000000000028e+01,9.006948930799999475e-01,5.705866943399999780e-01,6.487416459999999496e-01,2.000000000000000000e+02,2.000000000000000000e+01
5.962888758182525635e+02,0.000000000000000000e+00,8.721303740697106832e+01,4.764999999999999858e+01,6.138000000000000256e+01,9.003474464699999791e-01,5.683226581200000460e-01,6.387416460000000518e-01,1.996630166299999871e+02,2.000000000000000000e+01
5.992793755531311035e+02,5.729406692492218411e+01,8.721303740697106832e+01,4.735999999999999943e+01,6.138000000000000256e+01,9.001737133299999583e-01,5.634057225699999893e-01,6.287416460000000429e-01,1.996330334399999913e+02,2.000000000000000000e+01
