Time (sec), Heater 1, Heater 2, Temperature 1, Temperature 2,K1s,K2s,K3s,tau12s,tau3s
0.000000000000000000e+00,9.599914758472080223e+01,0.000000000000000000e+00,2.280000000000000071e+01,2.219000000000000128e+01,5.000000000000000000e-01,2.999999999999999889e-01,5.000000000000000104e-03,1.500000000000000000e+02,5.000000000000000000e+00
2.990845680236816406e+00,9.599914758472080223e+01,0.000000000000000000e+00,2.280000000000000071e+01,2.219000000000000128e+01,5.000000000000000000e-01,2.999999999999999889e-01,2.000000000000000111e-01,1.500000000000000000e+02,1.500000000000000000e+01
5.981497526168823242e+00,9.599914758472080223e+01,0.000000000000000000e+00,2.276999999999999957e+01,2.225000000000000000e+01,5.000000000000000000e-01,2.999999999999999889e-01,2.000000000000000111e-01,1.500000000000000000e+02,1.500000000000000000e+01
8.972937107086181641e+00,9.599914758472080223e+01,0.000000000000000000e+00,2.282999999999999829e+01,2.221999999999999886e+01,5.000000000000000000e-01,2.999999999999999889e-01,2.000000000000000111e-01,1.500000000000000000e+02,1.500000000000000000e+01
1.196448612213134766e+01,9.599914758472080223e+01,0.000000000000000000e+00,2.296000000000000085e+01,2.221999999999999886e+01,5.000000000000000000e-01,2.999999999999999889e-01,2.000000000000000111e-01,1.500000000000000000e+02,1.500000000000000000e+01
1.495607304573059082e+01,9.599914758472080223e+01,0.000000000000000000e+00,2.348000000000000043e+01,2.221999999999999886e+01,5.000000000000000000e-01,2.999999999999999889e-01,2.000000000000000111e-01,1.500000000000000000e+02,1.500000000000000000e+01
1.794714164733886719e+01,9.599914758472080223e+01,0.000000000000000000e+00,2.401999999999999957e+01,2.232000000000000028e+01,5.000000000000000000e-01,2.999999999999999889e-01,2.000000000000000111e-01,1.500000000000000000e+02,1.500000000000000000e+01
2.093750143051147461e+01,9.599914758472080223e+01,0.000000000000000000e+00,2.476999999999999957e+01,2.232000000000000028e+01,5.000000000000000000e-01,2.999999999999999889e-01,2.000000000000000111e-01,1.500000000000000000e+02,1.500000000000000000e+01
2.392812967300415039e+01,9.599914758472080223e+01,0.000000000000000000e+00,2.541000000000000014e+01,2.248000000000000043e+01,5.000000000000000000e-01,2.999999999999999889e-01,2.000000000000000111e-01,1.500000000000000000e+02,1.500000000000000000e+01
2.691869020462036133e+01,9.599914758472080223e+01,0.000000000000000000e+00,2.637999999999999901e+01,2.248000000000000043e+01,5.000000000000000000e-01,2.999999999999999889e-01,2.000000000000000111e-01,1.500000000000000000e+02,1.500000000000000000e+01
2.991000604629516602e+01,9.599914758472080223e+01,0.000000000000000000e+00,2.733999999999999986e+01,2.251000000000000156e+01,5.999999999999999778e-01,2.999999999999999889e-01,1.900000000000000022e-01,1.550000000000000000e+02,1.464231972199999987e+01
3.290137958526611328e+01,9.599914758472080223e+01,0.000000000000000000e+00,2.830999999999999872e+01,2.251000000000000156e+01,6.618296115299999727e-01,2.999999999999999889e-01,1.799999999999999933e-01,1.600000000000000000e+02,1.564231969999999983e+01
3.589398050308227539e+01,9.599914758472080223e+01,0.000000000000000000e+00,2.960000000000000142e+01,2.251000000000000156e+01,7.148516015100000454e-01,2.999999999999999889e-01,1.700000000000000122e-01,1.650000000000000000e+02,1.664231970000000160e+01
3.888576126098632812e+01,9.599914758472080223e+01,0.000000000000000000e+00,3.057000000000000028e+01,2.257000000000000028e+01,7.925347370199999908e-01,2.999999999999999889e-01,1.600000000000000033e-01,1.700000000000000000e+02,1.764231970000000160e+01
4.187675237655639648e+01,9.599914758472080223e+01,0.000000000000000000e+00,3.160000000000000142e+01,2.280000000000000071e+01,8.477228738099999994e-01,2.999999999999999889e-01,1.700000000000000122e-01,1.750000000000000000e+02,1.864231970000000160e+01
4.486760163307189941e+01,9.599914758472080223e+01,0.000000000000000000e+00,3.285000000000000142e+01,2.282999999999999829e+01,9.011781997500000196e-01,2.999999999999999889e-01,1.799999999999999933e-01,1.800000000000000000e+02,1.964231970000000160e+01
4.786689400672912598e+01,9.599914758472080223e+01,0.000000000000000000e+00,3.410999999999999943e+01,2.292999999999999972e+01,9.369370716499999530e-01,2.999999999999999889e-01,1.900000000000000022e-01,1.850000000000000000e+02,2.000000000000000000e+01
5.085801911354064941e+01,9.599914758472080223e+01,0.000000000000000000e+00,3.539999999999999858e+01,2.314999999999999858e+01,9.757829633200000297e-01,2.999999999999999889e-01,2.000000000000000111e-01,1.900000000000000000e+02,2.000000000000000000e+01
5.385772991180419922e+01,9.599914758472080223e+01,0.000000000000000000e+00,3.636999999999999744e+01,2.314999999999999858e+01,1.000000000000000000e+00,2.999999999999999889e-01,2.099999999999999922e-01,1.931992133800000033e+02,2.000000000000000000e+01
5.684847140312194824e+01,9.599914758472080223e+01,0.000000000000000000e+00,3.765999999999999659e+01,2.335000000000000142e+01,1.000000000000000000e+00,2.999999999999999889e-01,2.200000000000000011e-01,1.922071527500000059e+02,2.000000000000000000e+01
5.983918404579162598e+01,2.589614688998160830e+01,0.000000000000000000e+00,3.861999999999999744e+01,2.348000000000000043e+01,9.828376170499999454e-01,2.999999999999999889e-01,2.300000000000000100e-01,1.872071530000000052e+02,2.000000000000000000e+01
6.282958245277404785e+01,2.589614688998160830e+01,0.000000000000000000e+00,3.990999999999999659e+01,2.357000000000000028e+01,9.610706251299999670e-01,2.999999999999999889e-01,2.399999999999999911e-01,1.822071537100000000e+02,2.000000000000000000e+01
6.582074570655822754e+01,2.589614688998160830e+01,0.000000000000000000e+00,4.093999999999999773e+01,2.380000000000000071e+01,9.403329562500000183e-01,2.999999999999999889e-01,2.500000000000000000e-01,1.772071540000000027e+02,2.000000000000000000e+01
6.881150293350219727e+01,2.589614688998160830e+01,0.000000000000000000e+00,4.217000000000000171e+01,2.398999999999999844e+01,9.223488040199999682e-01,2.999999999999999889e-01,2.600000000000000089e-01,1.722071540000000027e+02,2.000000000000000000e+01
7.180189013481140137e+01,2.589614688998160830e+01,0.000000000000000000e+00,4.307000000000000028e+01,2.412000000000000099e+01,9.319261362499999812e-01,2.999999999999999889e-01,2.700000000000000178e-01,1.729952005700000086e+02,2.000000000000000000e+01
7.479344630241394043e+01,2.589614688998160830e+01,0.000000000000000000e+00,4.375000000000000000e+01,2.444000000000000128e+01,9.145970393200000270e-01,2.999999999999999889e-01,2.800000000000000266e-01,1.683151113600000031e+02,2.000000000000000000e+01
7.788162064552307129e+01,2.589614688998160830e+01,0.000000000000000000e+00,4.425999999999999801e+01,2.448000000000000043e+01,9.419273442200000179e-01,2.999999999999999889e-01,2.899999999999999800e-01,1.733151110000000017e+02,2.000000000000000000e+01
8.087307381629943848e+01,2.589614688998160830e+01,0.000000000000000000e+00,4.475000000000000000e+01,2.476999999999999957e+01,9.760323418599999856e-01,2.999999999999999889e-01,2.999999999999999889e-01,1.783151110000000017e+02,2.000000000000000000e+01
8.386428976058959961e+01,2.589614688998160830e+01,0.000000000000000000e+00,4.507000000000000028e+01,2.485999999999999943e+01,1.000000000000000000e+00,2.999999999999999889e-01,3.099999999999999978e-01,1.818807395100000122e+02,2.000000000000000000e+01
8.685475802421569824e+01,2.589614688998160830e+01,0.000000000000000000e+00,4.539000000000000057e+01,2.508999999999999986e+01,1.000000000000000000e+00,2.999999999999999889e-01,3.200000000000000067e-01,1.814003571300000033e+02,2.000000000000000000e+01
8.984585094451904297e+01,2.589614688998160830e+01,0.000000000000000000e+00,4.571000000000000085e+01,2.537999999999999901e+01,1.000000000000000000e+00,2.999999999999999889e-01,3.300000000000000155e-01,1.805117431900000042e+02,2.000000000000000000e+01
9.424781131744384766e+01,2.589614688998160830e+01,0.000000000000000000e+00,4.603999999999999915e+01,2.551000000000000156e+01,1.000000000000000000e+00,2.999999999999999889e-01,3.400000000000000244e-01,1.798737261500000102e+02,2.000000000000000000e+01
9.723878812789916992e+01,2.589614688998160830e+01,0.000000000000000000e+00,4.610000000000000142e+01,2.573000000000000043e+01,1.000000000000000000e+00,2.999999999999999889e-01,3.499999999999999778e-01,1.786985828999999910e+02,2.000000000000000000e+01
1.002298219203948975e+02,2.589614688998160830e+01,0.000000000000000000e+00,4.628999999999999915e+01,2.585999999999999943e+01,1.000000000000000000e+00,2.999999999999999889e-01,3.599999999999999867e-01,1.778820698000000107e+02,2.000000000000000000e+01
1.036541790962219238e+02,2.589614688998160830e+01,0.000000000000000000e+00,4.639000000000000057e+01,2.605000000000000071e+01,1.000000000000000000e+00,2.999999999999999889e-01,3.699999999999999956e-01,1.762815537600000084e+02,2.000000000000000000e+01
1.069604449272155762e+02,2.589614688998160830e+01,0.000000000000000000e+00,4.642000000000000171e+01,2.637999999999999901e+01,1.000000000000000000e+00,2.999999999999999889e-01,3.800000000000000044e-01,1.754562198399999886e+02,2.000000000000000000e+01
1.099518187046051025e+02,2.589614688998160830e+01,0.000000000000000000e+00,4.667999999999999972e+01,2.637999999999999901e+01,1.000000000000000000e+00,2.999999999999999889e-01,3.900000000000000133e-01,1.740600069399999938e+02,2.000000000000000000e+01
1.129419651031494141e+02,2.589614688998160830e+01,0.000000000000000000e+00,4.667999999999999972e+01,2.660000000000000142e+01,1.000000000000000000e+00,2.999999999999999889e-01,4.000000000000000222e-01,1.734248958000000016e+02,2.000000000000000000e+01
1.159332866668701172e+02,2.589614688998160830e+01,0.000000000000000000e+00,4.657999999999999829e+01,2.669999999999999929e+01,1.000000000000000000e+00,2.999999999999999889e-01,4.099999999999999756e-01,1.722189391500000113e+02,2.000000000000000000e+01
1.189242720603942871e+02,2.589614688998160830e+01,0.000000000000000000e+00,4.657999999999999829e+01,2.680000000000000071e+01,1.000000000000000000e+00,2.999999999999999889e-01,4.199999999999999845e-01,1.716625406299999952e+02,2.000000000000000000e+01
1.219150960445404053e+02,3.664122240872124081e+01,0.000000000000000000e+00,4.649000000000000199e+01,2.701999999999999957e+01,1.000000000000000000e+00,2.999999999999999889e-01,4.299999999999999933e-01,1.710900655099999881e+02,2.000000000000000000e+01
1.249071931838989258e+02,3.664122240872124081e+01,0.000000000000000000e+00,4.642000000000000171e+01,2.701999999999999957e+01,1.000000000000000000e+00,2.999999999999999889e-01,4.400000000000000022e-01,1.703737678399999993e+02,2.000000000000000000e+01
1.278984293937683105e+02,3.664122240872124081e+01,0.000000000000000000e+00,4.642000000000000171e+01,2.733999999999999986e+01,1.000000000000000000e+00,2.999999999999999889e-01,4.500000000000000111e-01,1.697498737699999936e+02,2.000000000000000000e+01
1.308896343708038330e+02,3.664122240872124081e+01,0.000000000000000000e+00,4.635999999999999943e+01,2.733999999999999986e+01,1.000000000000000000e+00,2.999999999999999889e-01,4.600000000000000200e-01,1.688616412799999864e+02,2.000000000000000000e+01
1.338806252479553223e+02,3.664122240872124081e+01,0.000000000000000000e+00,4.639000000000000057e+01,2.744000000000000128e+01,1.000000000000000000e+00,2.999999999999999889e-01,4.699999999999999734e-01,1.678223907100000076e+02,2.000000000000000000e+01
1.368715600967407227e+02,3.664122240872124081e+01,0.000000000000000000e+00,4.642000000000000171e+01,2.767000000000000171e+01,1.000000000000000000e+00,2.999999999999999889e-01,4.799999999999999822e-01,1.661061210999999957e+02,2.000000000000000000e+01
1.398630118370056152e+02,3.664122240872124081e+01,0.000000000000000000e+00,4.635999999999999943e+01,2.767000000000000171e+01,1.000000000000000000e+00,2.999999999999999889e-01,4.899999999999999911e-01,1.638635169199999950e+02,2.000000000000000000e+01
1.428547062873840332e+02,3.664122240872124081e+01,0.000000000000000000e+00,4.635999999999999943e+01,2.773000000000000043e+01,1.000000000000000000e+00,2.999999999999999889e-01,5.000000000000000000e-01,1.619475792700000056e+02,2.000000000000000000e+01
1.458458640575408936e+02,3.664122240872124081e+01,0.000000000000000000e+00,4.642000000000000171e+01,2.792000000000000171e+01,1.000000000000000000e+00,2.999999999999999889e-01,5.100000000000000089e-01,1.604421570799999870e+02,2.000000000000000000e+01
1.488364419937133789e+02,3.664122240872124081e+01,0.000000000000000000e+00,4.654999999999999716e+01,2.798999999999999844e+01,1.000000000000000000e+00,2.999999999999999889e-01,5.200000000000000178e-01,1.581458897500000091e+02,2.000000000000000000e+01
1.518275916576385498e+02,3.664122240872124081e+01,3.173631319376113424e+01,4.667999999999999972e+01,2.798999999999999844e+01,1.000000000000000000e+00,2.999999999999999889e-01,5.300000000000000266e-01,1.563799369799999965e+02,2.000000000000000000e+01
1.548179602622985840e+02,3.664122240872124081e+01,3.173631319376113424e+01,4.667999999999999972e+01,2.833999999999999986e+01,1.000000000000000000e+00,2.000000000000000111e-01,5.400000000000000355e-01,1.542526283900000124e+02,2.000000000000000000e+01
1.578089687824249268e+02,3.664122240872124081e+01,3.173631319376113424e+01,4.693999999999999773e+01,2.844000000000000128e+01,1.000000000000000000e+00,1.000000007800000007e-01,5.500000000000000444e-01,1.525001108099999954e+02,2.000000000000000000e+01
1.607999498844146729e+02,3.664122240872124081e+01,3.173631319376113424e+01,4.700000000000000000e+01,2.844000000000000128e+01,1.000000000000000000e+00,2.000000010000000106e-01,5.544653972999999958e-01,1.514984082500000113e+02,2.000000000000000000e+01
1.637916395664215088e+02,3.664122240872124081e+01,3.173631319376113424e+01,4.700000000000000000e+01,2.873000000000000043e+01,1.000000000000000000e+00,2.999999894500000042e-01,5.548371976599999478e-01,1.513393457599999863e+02,2.000000000000000000e+01
1.667819666862487793e+02,3.664122240872124081e+01,3.173631319376113424e+01,4.707000000000000028e+01,2.896000000000000085e+01,1.000000000000000000e+00,3.999999890000000002e-01,5.527194328100000220e-01,1.496758022699999913e+02,2.000000000000000000e+01
1.697727868556976318e+02,3.664122240872124081e+01,3.173631319376113424e+01,4.732000000000000028e+01,2.912000000000000099e+01,1.000000000000000000e+00,4.999999889999999780e-01,5.427194330000000289e-01,1.461563248500000043e+02,2.000000000000000000e+01
1.727631449699401855e+02,3.664122240872124081e+01,3.173631319376113424e+01,4.735999999999999943e+01,2.933999999999999986e+01,1.000000000000000000e+00,5.999999889999999558e-01,5.327194330000000200e-01,1.421901307900000120e+02,2.000000000000000000e+01
1.757541356086730957e+02,3.664122240872124081e+01,3.173631319376113424e+01,4.745000000000000284e+01,2.962999999999999901e+01,1.000000000000000000e+00,6.657283905199999907e-01,5.227194330000000111e-01,1.390471729500000038e+02,2.000000000000000000e+01
1.787452828884124756e+02,3.664122240872124081e+01,3.173631319376113424e+01,4.764999999999999858e+01,2.982999999999999829e+01,1.000000000000000000e+00,6.103052394000000325e-01,5.127194330000000022e-01,1.354347660399999995e+02,2.000000000000000000e+01
1.817357909679412842e+02,9.838643593433527457e+00,3.173631319376113424e+01,4.764999999999999858e+01,3.007999999999999829e+01,1.000000000000000000e+00,5.724882672900000191e-01,5.027194329999999933e-01,1.317027269200000035e+02,2.000000000000000000e+01
1.847272779941558838e+02,9.838643593433527457e+00,3.173631319376113424e+01,4.764999999999999858e+01,3.030999999999999872e+01,1.000000000000000000e+00,5.608447804599999698e-01,4.927194329999999844e-01,1.289789428599999894e+02,2.000000000000000000e+01
1.877181386947631836e+02,9.838643593433527457e+00,3.173631319376113424e+01,4.764999999999999858e+01,3.060000000000000142e+01,1.000000000000000000e+00,5.315218892399999895e-01,4.827194329999999756e-01,1.260192445899999996e+02,2.000000000000000000e+01
1.907089002132415771e+02,9.838643593433527457e+00,3.173631319376113424e+01,4.764999999999999858e+01,3.094999999999999929e+01,1.000000000000000000e+00,5.276544578599999813e-01,4.727194330000000222e-01,1.226565525599999944e+02,1.997726469999999921e+01
1.937002904415130615e+02,9.838643593433527457e+00,3.173631319376113424e+01,4.764999999999999858e+01,3.117999999999999972e+01,1.000000000000000000e+00,5.090199198499999467e-01,4.627194330000000133e-01,1.193184925900000053e+02,1.961702094900000048e+01
1.966909277439117432e+02,9.838643593433527457e+00,3.173631319376113424e+01,4.764999999999999858e+01,3.139999999999999858e+01,1.000000000000000000e+00,4.739906176900000045e-01,4.527194330000000044e-01,1.164057269999999988e+02,1.861702089999999998e+01
1.996820616722106934e+02,9.838643593433527457e+00,3.173631319376113424e+01,4.764999999999999858e+01,3.162999999999999901e+01,1.000000000000000000e+00,4.470529207799999738e-01,4.427194329999999955e-01,1.133740096199999954e+02,1.762631742199999962e+01
2.026729090213775635e+02,9.838643593433527457e+00,3.173631319376113424e+01,4.742000000000000171e+01,3.194999999999999929e+01,1.000000000000000000e+00,4.273715787499999808e-01,4.327194329999999867e-01,1.104849185700000049e+02,1.662631740000000136e+01
2.056650228500366211e+02,9.838643593433527457e+00,3.173631319376113424e+01,4.732000000000000028e+01,3.217999999999999972e+01,1.000000000000000000e+00,4.111096302500000244e-01,4.227194329999999778e-01,1.077080637699999954e+02,1.571077420800000013e+01
2.086557002067565918e+02,9.838643593433527457e+00,3.173631319376113424e+01,4.707000000000000028e+01,3.250000000000000000e+01,1.000000000000000000e+00,4.004767303499999764e-01,4.127194330000000244e-01,1.039537932899999930e+02,1.537641138100000049e+01
2.116464784145355225e+02,9.838643593433527457e+00,8.249305141378542316e+01,4.700000000000000000e+01,3.272999999999999687e+01,1.000000000000000000e+00,3.973836224499999736e-01,4.027194330000000155e-01,1.007560899799999987e+02,1.535981166200000025e+01
2.146370749473571777e+02,9.838643593433527457e+00,8.249305141378542316e+01,4.700000000000000000e+01,3.324000000000000199e+01,1.000000000000000000e+00,4.065228019800000148e-01,4.005025803999999745e-01,1.022147305000000017e+02,1.535535417300000027e+01
2.176275749206542969e+02,9.838643593433527457e+00,8.249305141378542316e+01,4.667999999999999972e+01,3.363000000000000256e+01,1.000000000000000000e+00,4.208282546500000110e-01,3.970322931599999938e-01,1.031131749299999996e+02,1.582686798800000005e+01
2.206185238361358643e+02,9.838643593433527457e+00,8.249305141378542316e+01,4.635999999999999943e+01,3.375999999999999801e+01,1.000000000000000000e+00,4.609620549899999808e-01,3.890921687100000192e-01,1.081131749999999982e+02,1.618427342100000033e+01
2.236089601516723633e+02,9.838643593433527457e+00,8.249305141378542316e+01,4.632999999999999829e+01,3.407999999999999829e+01,1.000000000000000000e+00,4.669534255300000214e-01,3.860407821299999820e-01,1.065552637699999963e+02,1.718427339999999859e+01
2.266005001068115234e+02,9.838643593433527457e+00,8.249305141378542316e+01,4.603999999999999915e+01,3.463000000000000256e+01,1.000000000000000000e+00,4.748527389900000228e-01,3.827888082800000036e-01,1.054510602799999930e+02,1.818427291600000117e+01
2.295915379524230957e+02,9.838643593433527457e+00,8.249305141378542316e+01,4.567999999999999972e+01,3.495000000000000284e+01,1.000000000000000000e+00,4.787407904400000080e-01,3.807260594799999898e-01,1.037595985199999973e+02,1.918427289999999985e+01
2.325827925205230713e+02,9.838643593433527457e+00,8.249305141378542316e+01,4.542000000000000171e+01,3.546000000000000085e+01,1.000000000000000000e+00,4.983109845099999990e-01,3.732172246300000107e-01,1.055683602299999961e+02,2.000000000000000000e+01
2.355781359672546387e+02,9.838643593433527457e+00,8.249305141378542316e+01,4.525999999999999801e+01,3.575000000000000000e+01,1.000000000000000000e+00,5.231647688199999591e-01,3.632172249999999769e-01,1.105281831599999975e+02,2.000000000000000000e+01
2.385788388252258301e+02,9.838643593433527457e+00,8.249305141378542316e+01,4.507000000000000028e+01,3.627000000000000313e+01,1.000000000000000000e+00,5.461965473300000040e-01,3.532172250000000235e-01,1.150604713500000003e+02,2.000000000000000000e+01
2.415698993206024170e+02,4.477715171213496603e+01,8.249305141378542316e+01,4.478000000000000114e+01,3.707999999999999829e+01,1.000000000000000000e+00,5.670718383799999707e-01,3.432172250000000147e-01,1.192370309899999938e+02,2.000000000000000000e+01
2.445609860420227051e+02,4.477715171213496603e+01,8.249305141378542316e+01,4.467999999999999972e+01,3.739999999999999858e+01,1.000000000000000000e+00,5.884371994000000550e-01,3.332172250000000058e-01,1.238471678700000069e+02,2.000000000000000000e+01
2.475528254508972168e+02,4.477715171213496603e+01,8.249305141378542316e+01,4.442000000000000171e+01,3.775000000000000000e+01,1.000000000000000000e+00,6.095449770599999928e-01,3.232172249999999969e-01,1.288471680000000106e+02,2.000000000000000000e+01
2.505433280467987061e+02,4.477715171213496603e+01,8.249305141378542316e+01,4.422999999999999687e+01,3.832999999999999829e+01,1.000000000000000000e+00,6.243094725400000211e-01,3.132172249999999880e-01,1.338471680000000106e+02,2.000000000000000000e+01
2.535344629287719727e+02,4.477715171213496603e+01,8.249305141378542316e+01,4.410000000000000142e+01,3.868999999999999773e+01,1.000000000000000000e+00,6.387817125400000462e-01,3.032172249999999791e-01,1.388471680000000106e+02,2.000000000000000000e+01
2.565248076915740967e+02,4.477715171213496603e+01,8.249305141378542316e+01,4.413000000000000256e+01,3.932999999999999829e+01,1.000000000000000000e+00,6.536038669000000523e-01,2.932172250000000258e-01,1.438471680000000106e+02,2.000000000000000000e+01
2.595166697502136230e+02,4.477715171213496603e+01,8.249305141378542316e+01,4.442000000000000171e+01,3.982000000000000028e+01,1.000000000000000000e+00,6.560067565999999628e-01,2.832172250000000169e-01,1.488471680000000106e+02,2.000000000000000000e+01
2.625070891380310059e+02,4.477715171213496603e+01,8.249305141378542316e+01,4.446000000000000085e+01,4.020000000000000284e+01,1.000000000000000000e+00,6.715407692599999478e-01,2.732172250000000080e-01,1.538471680000000106e+02,2.000000000000000000e+01
2.654981431961059570e+02,4.477715171213496603e+01,8.249305141378542316e+01,4.457999999999999829e+01,4.061999999999999744e+01,1.000000000000000000e+00,6.845067446799999455e-01,2.632172249999999991e-01,1.588471680000000106e+02,2.000000000000000000e+01
2.684888122081756592e+02,4.477715171213496603e+01,8.249305141378542316e+01,4.475000000000000000e+01,4.117000000000000171e+01,1.000000000000000000e+00,6.914240777100000290e-01,2.532172249999999902e-01,1.638471680000000106e+02,2.000000000000000000e+01
2.714805548191070557e+02,4.477715171213496603e+01,6.708080698983130219e+01,4.507000000000000028e+01,4.152000000000000313e+01,1.000000000000000000e+00,7.033562970400000225e-01,2.432172250000000091e-01,1.688471680000000106e+02,1.998850907099999930e+01
2.744721281528472900e+02,4.477715171213496603e+01,6.708080698983130219e+01,4.539000000000000057e+01,4.200999999999999801e+01,1.000000000000000000e+00,6.964662860500000496e-01,2.379573206599999990e-01,1.738471680000000106e+02,1.898850910000000169e+01
2.774630954265594482e+02,4.477715171213496603e+01,6.708080698983130219e+01,4.571000000000000085e+01,4.242999999999999972e+01,1.000000000000000000e+00,6.902231749699999641e-01,2.369624633200000108e-01,1.788471680000000106e+02,1.798850910000000169e+01
2.804537060260772705e+02,4.477715171213496603e+01,6.708080698983130219e+01,4.575000000000000000e+01,4.259000000000000341e+01,1.000000000000000000e+00,6.801232396399999880e-01,2.417284577000000101e-01,1.838471680000000106e+02,1.698850910000000169e+01
2.834451014995574951e+02,4.477715171213496603e+01,6.708080698983130219e+01,4.610000000000000142e+01,4.310000000000000142e+01,1.000000000000000000e+00,6.742407252700000075e-01,2.517254379400000186e-01,1.888471680000000106e+02,1.598850909999999992e+01
2.864360840320587158e+02,4.477715171213496603e+01,6.708080698983130219e+01,4.635999999999999943e+01,4.339000000000000057e+01,1.000000000000000000e+00,6.654611664499999746e-01,2.617254379999999769e-01,1.938471680000000106e+02,1.498850909999999992e+01
2.894277732372283936e+02,4.477715171213496603e+01,6.708080698983130219e+01,4.635999999999999943e+01,4.332999999999999829e+01,9.983779918999999836e-01,6.614137572699999579e-01,2.717254379999999858e-01,1.988471680000000106e+02,1.409933103500000051e+01
2.924191546440124512e+02,4.477715171213496603e+01,6.708080698983130219e+01,4.667999999999999972e+01,4.400000000000000000e+01,9.987071059600000078e-01,6.511568012699999741e-01,2.817254379999999947e-01,2.000000000000000000e+02,1.349050736899999947e+01
2.954097595214843750e+02,4.477715171213496603e+01,6.708080698983130219e+01,4.700000000000000000e+01,4.428999999999999915e+01,9.872306514399999955e-01,6.394294506000000045e-01,2.717254379999999858e-01,2.000000000000000000e+02,1.253737391399999979e+01
2.984009280204772949e+02,4.477715171213496603e+01,6.708080698983130219e+01,4.742000000000000171e+01,4.452000000000000313e+01,9.743799120799999658e-01,6.285244960900000510e-01,2.617254379999999769e-01,2.000000000000000000e+02,1.153737390000000040e+01
3.013918540477752686e+02,1.805208022752264796e+01,6.708080698983130219e+01,4.771000000000000085e+01,4.500000000000000000e+01,9.585684831899999869e-01,6.193905339599999893e-01,2.517254380000000236e-01,2.000000000000000000e+02,1.053737390000000040e+01
3.043835566043853760e+02,1.805208022752264796e+01,6.708080698983130219e+01,4.803000000000000114e+01,4.532999999999999829e+01,9.491607268999999736e-01,6.135867053400000382e-01,2.417254379999999869e-01,2.000000000000000000e+02,1.000000000000000000e+01
3.073756356239318848e+02,1.805208022752264796e+01,6.708080698983130219e+01,4.860999999999999943e+01,4.532999999999999829e+01,9.491980734099999539e-01,6.132389422599999751e-01,2.417177860099999909e-01,2.000000000000000000e+02,1.000000000000000000e+01
3.103666605949401855e+02,1.805208022752264796e+01,6.708080698983130219e+01,4.893999999999999773e+01,4.554999999999999716e+01,9.494532465699999646e-01,6.112125312599999694e-01,2.417675088300000052e-01,2.000000000000000000e+02,1.000000000000000000e+01
3.133581459522247314e+02,1.805208022752264796e+01,6.708080698983130219e+01,4.925999999999999801e+01,4.600000000000000000e+01,9.496247323199999979e-01,6.100103467699999893e-01,2.418430099299999914e-01,2.000000000000000000e+02,1.000000000000000000e+01
3.163494117259979248e+02,1.805208022752264796e+01,6.708080698983130219e+01,4.928999999999999915e+01,4.632999999999999829e+01,9.534997928299999703e-01,6.077876357200000523e-01,2.490047423800000048e-01,2.000000000000000000e+02,1.000000000000000000e+01
3.193413212299346924e+02,1.805208022752264796e+01,6.708080698983130219e+01,4.957999999999999829e+01,4.667999999999999972e+01,9.589125646699999672e-01,6.069575929999999619e-01,2.544809675499999924e-01,2.000000000000000000e+02,1.000000000000000000e+01
3.223319060802459717e+02,1.805208022752264796e+01,6.708080698983130219e+01,4.957999999999999829e+01,4.696999999999999886e+01,9.619592238699999909e-01,6.063565081499999732e-01,2.592452256200000194e-01,2.000000000000000000e+02,1.000000000000000000e+01
3.253227407932281494e+02,1.805208022752264796e+01,6.708080698983130219e+01,4.928999999999999915e+01,4.710000000000000142e+01,9.670259511800000096e-01,6.051550964099999819e-01,2.692452260000000042e-01,2.000000000000000000e+02,1.000000000000000000e+01
3.283132982254028320e+02,1.805208022752264796e+01,6.708080698983130219e+01,4.896999999999999886e+01,4.722999999999999687e+01,9.725560748099999486e-01,6.039303166199999628e-01,2.792452260000000130e-01,2.000000000000000000e+02,1.000000000000000000e+01
3.313045516014099121e+02,1.805208022752264796e+01,9.990495579087824751e+01,4.915999999999999659e+01,4.752000000000000313e+01,9.797969285199999989e-01,6.027907866799999681e-01,2.892452260000000219e-01,2.000000000000000000e+02,1.000000000000000000e+01
3.342956957817077637e+02,1.805208022752264796e+01,9.990495579087824751e+01,4.922999999999999687e+01,4.796999999999999886e+01,9.946433938099999983e-01,6.004785665399999806e-01,2.992452259999999753e-01,1.993469479999999976e+02,1.000000010800000005e+01
3.372874431610107422e+02,1.805208022752264796e+01,9.990495579087824751e+01,4.925999999999999801e+01,4.807000000000000028e+01,1.000000000000000000e+00,6.000302818499999580e-01,3.092452259999999842e-01,1.994445228799999938e+02,1.001104920100000051e+01
3.402786588668823242e+02,1.805208022752264796e+01,9.990495579087824751e+01,4.925999999999999801e+01,4.845000000000000284e+01,1.000000000000000000e+00,5.963182199400000050e-01,3.112005688899999734e-01,1.976658354699999904e+02,1.003111707000000052e+01
3.432701354026794434e+02,1.805208022752264796e+01,9.990495579087824751e+01,4.922999999999999687e+01,4.877000000000000313e+01,1.000000000000000000e+00,5.951472923999999720e-01,3.096954944799999998e-01,1.969880256799999927e+02,1.004405165600000061e+01
3.462612500190734863e+02,1.805208022752264796e+01,9.990495579087824751e+01,4.913000000000000256e+01,4.900000000000000000e+01,1.000000000000000000e+00,5.867074551500000013e-01,3.051754966199999863e-01,1.920672756300000117e+02,1.018748260899999991e+01
3.492520718574523926e+02,1.805208022752264796e+01,9.990495579087824751e+01,4.900000000000000000e+01,4.932000000000000028e+01,1.000000000000000000e+00,5.790316493999999592e-01,3.083430682500000186e-01,1.870672759999999926e+02,1.056320687600000063e+01
3.522426612377166748e+02,1.805208022752264796e+01,9.990495579087824751e+01,4.893999999999999773e+01,4.974000000000000199e+01,1.000000000000000000e+00,5.727123561700000476e-01,3.003578538500000228e-01,1.820672759999999926e+02,1.112915226700000026e+01
3.552334437370300293e+02,1.805208022752264796e+01,9.990495579087824751e+01,4.893999999999999773e+01,4.996999999999999886e+01,1.000000000000000000e+00,5.673436939999999540e-01,2.903578540000000263e-01,1.770672759999999926e+02,1.195883178000000058e+01
3.582251782417297363e+02,1.805208022752264796e+01,9.990495579087824751e+01,4.906000000000000227e+01,5.042000000000000171e+01,1.000000000000000000e+00,5.609599981799999746e-01,3.003578539999999797e-01,1.720672759999999926e+02,1.269385840900000062e+01
3.612161614894866943e+02,6.082818879714343296e+01,9.990495579087824751e+01,4.893999999999999773e+01,5.092999999999999972e+01,1.000000000000000000e+00,5.567972776099999743e-01,3.103578539999999886e-01,1.686036786600000141e+02,1.329292889499999930e+01
3.642074470520019531e+02,6.082818879714343296e+01,9.990495579087824751e+01,4.893999999999999773e+01,5.135000000000000142e+01,1.000000000000000000e+00,5.545389894100000161e-01,3.203578539999999975e-01,1.667269421100000102e+02,1.374048121200000061e+01
3.671987810134887695e+02,6.082818879714343296e+01,9.990495579087824751e+01,4.867999999999999972e+01,5.164000000000000057e+01,1.000000000000000000e+00,5.509334309700000265e-01,3.303578540000000063e-01,1.627497259799999938e+02,1.467170107699999981e+01
3.701896390914916992e+02,6.082818879714343296e+01,9.990495579087824751e+01,4.860999999999999943e+01,5.179999999999999716e+01,1.000000000000000000e+00,5.480920147300000211e-01,3.403578540000000152e-01,1.597038834100000031e+02,1.534407994100000039e+01
3.731803722381591797e+02,6.082818879714343296e+01,9.990495579087824751e+01,4.860999999999999943e+01,5.203000000000000114e+01,1.000000000000000000e+00,5.454175224599999705e-01,3.503578540000000241e-01,1.572077027199999861e+02,1.586271054900000088e+01
3.761713719367980957e+02,6.082818879714343296e+01,9.990495579087824751e+01,4.893999999999999773e+01,5.245000000000000284e+01,1.000000000000000000e+00,5.419876969100000386e-01,3.603578539999999775e-01,1.532465887099999975e+02,1.680635865100000004e+01
3.791626164913177490e+02,6.082818879714343296e+01,9.990495579087824751e+01,4.910000000000000142e+01,5.277000000000000313e+01,1.000000000000000000e+00,5.399556454199999633e-01,3.703578539999999863e-01,1.524341288500000076e+02,1.693782120399999869e+01
3.821540555953979492e+02,6.082818879714343296e+01,9.990495579087824751e+01,4.925999999999999801e+01,5.309000000000000341e+01,1.000000000000000000e+00,5.376417309200000050e-01,3.803578539999999952e-01,1.513955838500000084e+02,1.713275026499999854e+01
3.851446652412414551e+02,6.082818879714343296e+01,9.990495579087824751e+01,4.986999999999999744e+01,5.360999999999999943e+01,1.000000000000000000e+00,5.364253287100000378e-01,3.903578540000000041e-01,1.507448909800000081e+02,1.720792882800000001e+01
3.881369833946228027e+02,6.082818879714343296e+01,9.990495579087824751e+01,5.018999999999999773e+01,5.382999999999999829e+01,1.000000000000000000e+00,5.340135952300000266e-01,4.003578540000000130e-01,1.498932760399999893e+02,1.733385992499999873e+01
3.911271662712097168e+02,6.082818879714343296e+01,2.335807414718740205e+01,5.054999999999999716e+01,5.411999999999999744e+01,1.000000000000000000e+00,5.318833283899999653e-01,4.103578540000000219e-01,1.495992928299999960e+02,1.733496729499999844e+01
3.941184847354888916e+02,6.082818879714343296e+01,2.335807414718740205e+01,5.089999999999999858e+01,5.418999999999999773e+01,1.000000000000000000e+00,5.356271330099999783e-01,4.203578539999999752e-01,1.540843279800000118e+02,1.717272459100000148e+01
3.971090502738952637e+02,6.082818879714343296e+01,2.335807414718740205e+01,5.121999999999999886e+01,5.447999999999999687e+01,1.000000000000000000e+00,5.378668814400000553e-01,4.303578539999999841e-01,1.590843279999999993e+02,1.681763171800000123e+01
4.001001288890838623e+02,6.082818879714343296e+01,2.335807414718740205e+01,5.184000000000000341e+01,5.467000000000000171e+01,1.000000000000000000e+00,5.404995481500000087e-01,4.403578539999999930e-01,1.640843279999999993e+02,1.642714523100000079e+01
4.030910811424255371e+02,6.082818879714343296e+01,2.335807414718740205e+01,5.232000000000000028e+01,5.515999999999999659e+01,1.000000000000000000e+00,5.424724323799999803e-01,4.503578540000000019e-01,1.690843279999999993e+02,1.594575985600000045e+01
4.060822088718414307e+02,6.082818879714343296e+01,2.335807414718740205e+01,5.279999999999999716e+01,5.532000000000000028e+01,1.000000000000000000e+00,5.471772023400000018e-01,4.603578540000000108e-01,1.740843279999999993e+02,1.570712186599999960e+01
4.090735096931457520e+02,6.082818879714343296e+01,2.335807414718740205e+01,5.345000000000000284e+01,5.547999999999999687e+01,1.000000000000000000e+00,5.520390338699999733e-01,4.703578540000000197e-01,1.790843279999999993e+02,1.536922086500000084e+01
4.120639102458953857e+02,6.082818879714343296e+01,2.335807414718740205e+01,5.377000000000000313e+01,5.532000000000000028e+01,1.000000000000000000e+00,5.575762106799999618e-01,4.803578539999999730e-01,1.840843279999999993e+02,1.518739453899999958e+01
4.150545349121093750e+02,6.082818879714343296e+01,2.335807414718740205e+01,5.421999999999999886e+01,5.515999999999999659e+01,1.000000000000000000e+00,5.630613967800000008e-01,4.903578539999999819e-01,1.890843279999999993e+02,1.498890323600000052e+01
4.180661680698394775e+02,6.082818879714343296e+01,2.335807414718740205e+01,5.474000000000000199e+01,5.518999999999999773e+01,1.000000000000000000e+00,5.683765857000000477e-01,5.003578539999999908e-01,1.940843279999999993e+02,1.475666372300000084e+01
4.210574369430541992e+02,9.083054486144256146e+01,2.335807414718740205e+01,5.528000000000000114e+01,5.515999999999999659e+01,1.000000000000000000e+00,5.735261485399999470e-01,5.103578539999999997e-01,1.990843279999999993e+02,1.447655558800000009e+01
4.240482809543609619e+02,9.083054486144256146e+01,2.335807414718740205e+01,5.574000000000000199e+01,5.492999999999999972e+01,1.000000000000000000e+00,5.751188875299999559e-01,5.203578540000000086e-01,2.000000000000000000e+02,1.444401805799999927e+01
4.270390083789825439e+02,9.083054486144256146e+01,2.335807414718740205e+01,5.618999999999999773e+01,5.486999999999999744e+01,1.000000000000000000e+00,5.760115309000000128e-01,5.303578540000000174e-01,2.000000000000000000e+02,1.451454947599999912e+01
4.300298397541046143e+02,9.083054486144256146e+01,2.335807414718740205e+01,5.667000000000000171e+01,5.477000000000000313e+01,1.000000000000000000e+00,5.781774918800000052e-01,5.403578540000000263e-01,1.985927295500000014e+02,1.482956356100000050e+01
4.330209636688232422e+02,9.083054486144256146e+01,2.335807414718740205e+01,5.709000000000000341e+01,5.421999999999999886e+01,1.000000000000000000e+00,5.777270333399999735e-01,5.503578540000000352e-01,1.935927299999999889e+02,1.548252706899999964e+01
4.360117990970611572e+02,9.083054486144256146e+01,2.335807414718740205e+01,5.777000000000000313e+01,5.411999999999999744e+01,1.000000000000000000e+00,5.767881837299999592e-01,5.603578540000000441e-01,1.885927299999999889e+02,1.626982823999999894e+01
4.390025274753570557e+02,9.083054486144256146e+01,2.335807414718740205e+01,5.857000000000000028e+01,5.418999999999999773e+01,1.000000000000000000e+00,5.748879065899999974e-01,5.703578540000000530e-01,1.835927299999999889e+02,1.708165312099999866e+01
4.419937639236450195e+02,9.083054486144256146e+01,2.335807414718740205e+01,5.925000000000000000e+01,5.418999999999999773e+01,1.000000000000000000e+00,5.724140496899999819e-01,5.803578539999999508e-01,1.785927299999999889e+02,1.793253759499999944e+01
4.449880046844482422e+02,9.083054486144256146e+01,2.335807414718740205e+01,6.017999999999999972e+01,5.386999999999999744e+01,1.000000000000000000e+00,5.716699427900000519e-01,5.903578539999999597e-01,1.768238698300000067e+02,1.829104244299999849e+01
4.479783804416656494e+02,9.083054486144256146e+01,2.335807414718740205e+01,6.031000000000000227e+01,5.318999999999999773e+01,1.000000000000000000e+00,5.696528157000000370e-01,6.003578539999999686e-01,1.725912376100000074e+02,1.929104181299999965e+01
4.511586861610412598e+02,9.083054486144256146e+01,2.519444411021148866e+01,6.117999999999999972e+01,5.321999999999999886e+01,1.000000000000000000e+00,5.697295822200000304e-01,6.103578539999999775e-01,1.718490471499999899e+02,1.952269064600000092e+01
4.541497220993041992e+02,0.000000000000000000e+00,2.519444411021148866e+01,6.199000000000000199e+01,5.321999999999999886e+01,1.000000000000000000e+00,5.695290425900000342e-01,6.203578539999999863e-01,1.706429452900000001e+02,1.988622599700000038e+01
4.571408624649047852e+02,0.000000000000000000e+00,2.519444411021148866e+01,6.260000000000000142e+01,5.321999999999999886e+01,1.000000000000000000e+00,5.698217099400000318e-01,6.303578539999999952e-01,1.703168983500000024e+02,2.000000000000000000e+01
4.601313688755035400e+02,0.000000000000000000e+00,2.519444411021148866e+01,6.336999999999999744e+01,5.309000000000000341e+01,1.000000000000000000e+00,5.703109294499999482e-01,6.403578540000000041e-01,1.703906215599999996e+02,2.000000000000000000e+01
4.635942153930664062e+02,0.000000000000000000e+00,2.519444411021148866e+01,6.399000000000000199e+01,5.289999999999999858e+01,1.000000000000000000e+00,5.707364206699999665e-01,6.503578540000000130e-01,1.703999986100000115e+02,2.000000000000000000e+01
4.665851163864135742e+02,0.000000000000000000e+00,2.519444411021148866e+01,6.431000000000000227e+01,5.289999999999999858e+01,1.000000000000000000e+00,5.709512041300000007e-01,6.603578540000000219e-01,1.702283782000000087e+02,2.000000000000000000e+01
4.696074745655059814e+02,0.000000000000000000e+00,2.519444411021148866e+01,6.440000000000000568e+01,5.257999999999999829e+01,1.000000000000000000e+00,5.712636925299999779e-01,6.703578540000000308e-01,1.701160260700000038e+02,2.000000000000000000e+01
4.725980916023254395e+02,0.000000000000000000e+00,2.519444411021148866e+01,6.473000000000000398e+01,5.257999999999999829e+01,1.000000000000000000e+00,5.711969427999999960e-01,6.803578540000000396e-01,1.690744667799999945e+02,2.000000000000000000e+01
4.755887396335601807e+02,0.000000000000000000e+00,2.519444411021148866e+01,6.468999999999999773e+01,5.257999999999999829e+01,1.000000000000000000e+00,5.736163837800000165e-01,6.903578540000000485e-01,1.690544036100000085e+02,2.000000000000000000e+01
4.785798344612121582e+02,0.000000000000000000e+00,2.519444411021148866e+01,6.443999999999999773e+01,5.257999999999999829e+01,1.000000000000000000e+00,5.751323091800000231e-01,7.003578539999999464e-01,1.689865382600000032e+02,2.000000000000000000e+01
4.815704753398895264e+02,0.000000000000000000e+00,2.519444411021148866e+01,6.440000000000000568e+01,5.232000000000000028e+01,1.000000000000000000e+00,5.770080280599999556e-01,7.103578539999999553e-01,1.688530427999999972e+02,2.000000000000000000e+01
4.845624570846557617e+02,0.000000000000000000e+00,2.519444411021148866e+01,6.407999999999999829e+01,5.225000000000000000e+01,1.000000000000000000e+00,5.784965807399999882e-01,7.203578539999999641e-01,1.687928115999999932e+02,2.000000000000000000e+01
4.875534000396728516e+02,0.000000000000000000e+00,2.519444411021148866e+01,6.375999999999999801e+01,5.225000000000000000e+01,1.000000000000000000e+00,5.799538893700000308e-01,7.303578535700000485e-01,1.685940357700000050e+02,2.000000000000000000e+01
4.905443150997161865e+02,0.000000000000000000e+00,2.519444411021148866e+01,6.343999999999999773e+01,5.221999999999999886e+01,1.000000000000000000e+00,5.820410333200000119e-01,7.403578539999999819e-01,1.683404504000000088e+02,2.000000000000000000e+01
4.935349895954132080e+02,0.000000000000000000e+00,2.519444411021148866e+01,6.278999999999999915e+01,5.206000000000000227e+01,1.000000000000000000e+00,5.833155537899999965e-01,7.436946022999999517e-01,1.676862808900000061e+02,2.000000000000000000e+01
4.965264453887939453e+02,0.000000000000000000e+00,2.519444411021148866e+01,6.246999999999999886e+01,5.192999999999999972e+01,1.000000000000000000e+00,5.853775772399999466e-01,7.336946020000000290e-01,1.674284160400000019e+02,2.000000000000000000e+01
4.995175662040710449e+02,0.000000000000000000e+00,2.519444411021148866e+01,6.182999999999999829e+01,5.192999999999999972e+01,1.000000000000000000e+00,5.898667207900000209e-01,7.236946020000000201e-01,1.673929232499999955e+02,2.000000000000000000e+01
5.025086829662322998e+02,0.000000000000000000e+00,2.519444411021148866e+01,6.143999999999999773e+01,5.150999999999999801e+01,1.000000000000000000e+00,5.935208954499999745e-01,7.136946020000000113e-01,1.673783004199999880e+02,2.000000000000000000e+01
5.054993577003479004e+02,0.000000000000000000e+00,2.519444411021148866e+01,6.085999999999999943e+01,5.160999999999999943e+01,1.000000000000000000e+00,5.973109272100000089e-01,7.036946020000000024e-01,1.672377557599999989e+02,2.000000000000000000e+01
5.084905757904052734e+02,0.000000000000000000e+00,2.519444411021148866e+01,6.043999999999999773e+01,5.154999999999999716e+01,1.000000000000000000e+00,6.072473662599999766e-01,6.936946019999999935e-01,1.656860825599999885e+02,2.000000000000000000e+01
5.114815852642059326e+02,0.000000000000000000e+00,4.170644889272189459e+01,5.989000000000000057e+01,5.138000000000000256e+01,1.000000000000000000e+00,6.173446827699999861e-01,6.836946019999999846e-01,1.643142627999999945e+02,2.000000000000000000e+01
5.144727468490600586e+02,0.000000000000000000e+00,4.170644889272189459e+01,5.928000000000000114e+01,5.135000000000000142e+01,1.000000000000000000e+00,6.367895987399999624e-01,6.736946019999999757e-01,1.610571107000000097e+02,2.000000000000000000e+01
5.174651625156402588e+02,0.000000000000000000e+00,4.170644889272189459e+01,5.860000000000000142e+01,5.086999999999999744e+01,1.000000000000000000e+00,6.440171596699999501e-01,6.636946019999999669e-01,1.613060887000000037e+02,2.000000000000000000e+01
5.204556326866149902e+02,0.000000000000000000e+00,4.170644889272189459e+01,5.796000000000000085e+01,5.103000000000000114e+01,1.000000000000000000e+00,6.493550303799999757e-01,6.536946019999999580e-01,1.615978482200000030e+02,2.000000000000000000e+01
5.234474799633026123e+02,0.000000000000000000e+00,4.170644889272189459e+01,5.731000000000000227e+01,5.077000000000000313e+01,1.000000000000000000e+00,6.570234247999999777e-01,6.436946019999999491e-01,1.620666169900000000e+02,2.000000000000000000e+01
5.265084161758422852e+02,0.000000000000000000e+00,4.170644889272189459e+01,5.667000000000000171e+01,5.032000000000000028e+01,1.000000000000000000e+00,6.604164587299999889e-01,6.336946020000000512e-01,1.626388822300000072e+02,2.000000000000000000e+01
5.294991526603698730e+02,0.000000000000000000e+00,4.170644889272189459e+01,5.606000000000000227e+01,5.060999999999999943e+01,1.000000000000000000e+00,6.623347153299999901e-01,6.236946020000000424e-01,1.637231442700000059e+02,2.000000000000000000e+01
5.324904780387878418e+02,0.000000000000000000e+00,4.170644889272189459e+01,5.570000000000000284e+01,5.045000000000000284e+01,1.000000000000000000e+00,6.595192679100000399e-01,6.136946020000000335e-01,1.678702833199999986e+02,2.000000000000000000e+01
5.354816341400146484e+02,0.000000000000000000e+00,4.170644889272189459e+01,5.538000000000000256e+01,5.032000000000000028e+01,1.000000000000000000e+00,6.576929458300000420e-01,6.036946020000000246e-01,1.714585529400000041e+02,2.000000000000000000e+01
5.384725494384765625e+02,0.000000000000000000e+00,4.170644889272189459e+01,5.474000000000000199e+01,5.042000000000000171e+01,1.000000000000000000e+00,6.537516365300000132e-01,5.936946020000000157e-01,1.762921082699999999e+02,2.000000000000000000e+01
5.414634876251220703e+02,0.000000000000000000e+00,4.170644889272189459e+01,5.425000000000000000e+01,5.021999999999999886e+01,1.000000000000000000e+00,6.490704904499999817e-01,5.836946020000000068e-01,1.812921080000000131e+02,2.000000000000000000e+01
5.444543950557708740e+02,0.000000000000000000e+00,4.170644889272189459e+01,5.345000000000000284e+01,5.021999999999999886e+01,1.000000000000000000e+00,6.440402587600000395e-01,5.736946019999999979e-01,1.862921080000000131e+02,2.000000000000000000e+01
5.474449617862701416e+02,0.000000000000000000e+00,4.170644889272189459e+01,5.296000000000000085e+01,5.018999999999999773e+01,1.000000000000000000e+00,6.388399536300000126e-01,5.636946019999999891e-01,1.912921080000000131e+02,2.000000000000000000e+01
5.504358961582183838e+02,0.000000000000000000e+00,4.170644889272189459e+01,5.247999999999999687e+01,5.013000000000000256e+01,1.000000000000000000e+00,6.335534867200000031e-01,5.536946019999999802e-01,1.962921080000000131e+02,2.000000000000000000e+01
5.534267566204071045e+02,0.000000000000000000e+00,4.170644889272189459e+01,5.215999999999999659e+01,5.010000000000000142e+01,1.000000000000000000e+00,6.291587057699999930e-01,5.436946019999999713e-01,2.000000000000000000e+02,2.000000000000000000e+01
5.564179310798645020e+02,0.000000000000000000e+00,4.170644889272189459e+01,5.154999999999999716e+01,5.000000000000000000e+01,1.000000000000000000e+00,6.294293174699999716e-01,5.336946019999999624e-01,2.000000000000000000e+02,2.000000000000000000e+01
5.594084670543670654e+02,0.000000000000000000e+00,4.170644889272189459e+01,5.118999999999999773e+01,4.989999999999999858e+01,1.000000000000000000e+00,6.305942214299999904e-01,5.236946019999999535e-01,2.000000000000000000e+02,2.000000000000000000e+01
5.623994243144989014e+02,0.000000000000000000e+00,4.170644889272189459e+01,5.079999999999999716e+01,4.986999999999999744e+01,1.000000000000000000e+00,6.308023760099999988e-01,5.136946019999999447e-01,2.000000000000000000e+02,2.000000000000000000e+01
5.653901743888854980e+02,0.000000000000000000e+00,4.170644889272189459e+01,5.032000000000000028e+01,4.977000000000000313e+01,1.000000000000000000e+00,6.325465495600000043e-01,5.036946020000000468e-01,2.000000000000000000e+02,2.000000000000000000e+01
5.683817405700683594e+02,0.000000000000000000e+00,4.170644889272189459e+01,4.989999999999999858e+01,4.977000000000000313e+01,1.000000000000000000e+00,6.328490105399999788e-01,4.936946019999999824e-01,2.000000000000000000e+02,2.000000000000000000e+01
5.713731205463409424e+02,0.000000000000000000e+00,6.251372241541009345e+00,4.957999999999999829e+01,4.967999999999999972e+01,1.000000000000000000e+00,6.339170084799999882e-01,4.836946019999999735e-01,2.000000000000000000e+02,2.000000000000000000e+01
5.743632545471191406e+02,0.000000000000000000e+00,6.251372241541009345e+00,4.906000000000000227e+01,4.957999999999999829e+01,1.000000000000000000e+00,6.350914191200000003e-01,4.736946020000000201e-01,2.000000000000000000e+02,2.000000000000000000e+01
5.773552150726318359e+02,0.000000000000000000e+00,6.251372241541009345e+00,4.860999999999999943e+01,4.957999999999999829e+01,9.499999999999999556e-01,6.359764342499999445e-01,4.636946020000000113e-01,2.000000000000000000e+02,2.000000000000000000e+01
5.803464748859405518e+02,0.000000000000000000e+00,6.251372241541009345e+00,4.828999999999999915e+01,4.928999999999999915e+01,9.250294847100000162e-01,6.313444304399999929e-01,4.536946020000000024e-01,2.000000000000000000e+02,2.000000000000000000e+01
5.833373696804046631e+02,0.000000000000000000e+00,6.251372241541009345e+00,4.796999999999999886e+01,4.925999999999999801e+01,9.125147787799999799e-01,6.310265394099999758e-01,4.436946019999999935e-01,2.000000000000000000e+02,2.000000000000000000e+01
5.863820779323577881e+02,0.000000000000000000e+00,6.251372241541009345e+00,4.764999999999999858e+01,4.903000000000000114e+01,9.062574051299999711e-01,6.312438355399999645e-01,4.336946019999999846e-01,2.000000000000000000e+02,2.000000000000000000e+01
5.893729755878448486e+02,0.000000000000000000e+00,6.251372241541009345e+00,4.732000000000000028e+01,4.867999999999999972e+01,9.031256380400000117e-01,6.305934123099999900e-01,4.236946019999999757e-01,2.000000000000000000e+02,2.000000000000000000e+01
5.923814938068389893e+02,0.000000000000000000e+00,6.251372241541009345e+00,4.700000000000000000e+01,4.857999999999999829e+01,9.015628190000000153e-01,6.290782060999999814e-01,4.136946020000000224e-01,2.000000000000000000e+02,2.000000000000000000e+01
5.953724541664123535e+02,0.000000000000000000e+00,6.251372241541009345e+00,4.667999999999999972e+01,4.828999999999999915e+01,9.007838397199999791e-01,6.258252088000000324e-01,4.036946020000000135e-01,2.000000000000000000e+02,2.000000000000000000e+01
5.983627159595489502e+02,0.000000000000000000e+00,6.251372241541009345e+00,4.622999999999999687e+01,4.807000000000000028e+01,9.003933696999999459e-01,6.236393833900000239e-01,3.936946020000000046e-01,2.000000000000000000e+02,2.000000000000000000e+01
6.013541142940521240e+02,6.427716795695755536e+01,6.251372241541009345e+00,4.578000000000000114e+01,4.764999999999999858e+01,9.001969918900000200e-01,6.211827222000000370e-01,3.836946019999999957e-01,2.000000000000000000e+02,2.000000000000000000e+01
