Time (sec), Heater 1, Heater 2, Temperature 1, Temperature 2
0.000000000000000000e+00,0.000000000000000000e+00,0.000000000000000000e+00,2.285999999999999943e+01,2.241000000000000014e+01
2.990951299667358398e+00,0.000000000000000000e+00,0.000000000000000000e+00,2.282999999999999829e+01,2.228000000000000114e+01
5.982355594635009766e+00,0.000000000000000000e+00,0.000000000000000000e+00,2.282999999999999829e+01,2.219000000000000128e+01
8.973420858383178711e+00,3.000000028599999879e+01,4.416203259200000305e-05,2.282999999999999829e+01,2.221999999999999886e+01
1.196497392654418945e+01,6.000000059900000338e+01,4.420143905899999865e-05,2.282999999999999829e+01,2.225000000000000000e+01
1.500975418090820312e+01,9.000000028300000565e+01,1.329020968999999961e-04,2.282999999999999829e+01,2.232000000000000028e+01
1.800030875205993652e+01,1.000000000000000000e+02,4.992932380700000118e-06,2.296000000000000085e+01,2.235000000000000142e+01
2.099144673347473145e+01,1.000000000000000000e+02,1.389794124300000101e-06,2.314999999999999858e+01,2.232000000000000028e+01
2.398460507392883301e+01,1.000000000000000000e+02,4.202723644299999713e-08,2.348000000000000043e+01,2.228000000000000114e+01
2.697596931457519531e+01,1.000000000000000000e+02,5.691395632599999686e-07,2.412000000000000099e+01,2.225000000000000000e+01
2.996761512756347656e+01,1.000000000000000000e+02,2.917200603999999937e-08,2.476999999999999957e+01,2.232000000000000028e+01
3.295893239974975586e+01,7.717644093900000257e+01,0.000000000000000000e+00,2.569999999999999929e+01,2.241000000000000014e+01
3.595004844665527344e+01,4.717644060100000303e+01,0.000000000000000000e+00,2.653999999999999915e+01,2.248000000000000043e+01
3.894144940376281738e+01,1.717644036000000085e+01,0.000000000000000000e+00,2.753999999999999915e+01,2.251000000000000156e+01
4.193263888359069824e+01,2.401497860199999802e-06,1.341562972300000102e-07,2.857000000000000028e+01,2.251000000000000156e+01
4.492350125312805176e+01,5.114204253800000131e-07,7.450766960199999875e-09,2.944000000000000128e+01,2.251000000000000156e+01
4.791372442245483398e+01,1.962026131500000049e-07,4.930572009099999911e-10,3.023999999999999844e+01,2.251000000000000156e+01
5.090418720245361328e+01,0.000000000000000000e+00,0.000000000000000000e+00,3.089000000000000057e+01,2.260999999999999943e+01
5.389507842063903809e+01,6.340863020400000337e-07,5.011289334199999721e-08,3.153000000000000114e+01,2.282999999999999829e+01
5.688601255416870117e+01,1.433618840599999887e-07,0.000000000000000000e+00,3.185999999999999943e+01,2.282999999999999829e+01
5.987668848037719727e+01,7.599722182999999528e-07,5.098395162300000137e-08,3.217999999999999972e+01,2.285999999999999943e+01
6.286772227287292480e+01,1.494764734300000110e-07,0.000000000000000000e+00,3.246999999999999886e+01,2.296000000000000085e+01
6.585982227325439453e+01,5.344438503200000044e-09,0.000000000000000000e+00,3.250000000000000000e+01,2.314999999999999858e+01
6.885139012336730957e+01,0.000000000000000000e+00,0.000000000000000000e+00,3.253000000000000114e+01,2.314999999999999858e+01
7.184204792976379395e+01,7.653995161700000445e-08,0.000000000000000000e+00,3.278999999999999915e+01,2.314999999999999858e+01
7.483366489410400391e+01,1.113794074299999963e-07,0.000000000000000000e+00,3.275999999999999801e+01,2.348000000000000043e+01
7.782614302635192871e+01,3.041937826000000042e-07,0.000000000000000000e+00,3.275999999999999801e+01,2.348000000000000043e+01
8.081643939018249512e+01,5.047777832899999854e-06,8.445744043399999640e-08,3.268999999999999773e+01,2.348000000000000043e+01
8.380699443817138672e+01,5.043782296899999653e-06,0.000000000000000000e+00,3.250000000000000000e+01,2.348000000000000043e+01
8.679784798622131348e+01,5.164006682800000084e-06,0.000000000000000000e+00,3.250000000000000000e+01,2.364000000000000057e+01
8.978913784027099609e+01,5.169675694099999814e-06,0.000000000000000000e+00,3.250000000000000000e+01,2.380000000000000071e+01
9.278015542030334473e+01,5.772805235299999893e+00,2.058575890299999953e-08,3.236999999999999744e+01,2.380000000000000071e+01
9.577060818672180176e+01,2.078213991100000158e+01,0.000000000000000000e+00,3.217999999999999972e+01,2.380000000000000071e+01
9.876205205917358398e+01,2.181531091600000138e+01,0.000000000000000000e+00,3.207999999999999829e+01,2.380000000000000071e+01
1.017532625198364258e+02,2.061865857500000132e+01,0.000000000000000000e+00,3.185999999999999943e+01,2.389999999999999858e+01
1.047450728416442871e+02,3.589524175399999706e+01,0.000000000000000000e+00,3.185999999999999943e+01,2.405999999999999872e+01
1.077353549003601074e+02,2.309040624200000025e+01,1.046916331799999946e-07,3.185999999999999943e+01,2.408999999999999986e+01
1.107256283760070801e+02,1.535835791699999930e+01,0.000000000000000000e+00,3.185999999999999943e+01,2.412000000000000099e+01
1.137161724567413330e+02,1.720770151099999978e+01,0.000000000000000000e+00,3.185999999999999943e+01,2.412000000000000099e+01
1.167067198753356934e+02,1.930684896600000044e+01,0.000000000000000000e+00,3.189000000000000057e+01,2.412000000000000099e+01
1.196978743076324463e+02,1.930684900099999979e+01,0.000000000000000000e+00,3.204999999999999716e+01,2.412000000000000099e+01
1.226895289421081543e+02,4.930684921900000006e+01,2.000000019999999878e+01,3.217999999999999972e+01,2.430999999999999872e+01
1.256801178455352783e+02,5.349104709099999866e+01,4.000000039900000104e+01,3.217999999999999972e+01,2.451000000000000156e+01
1.286711308956146240e+02,5.349104722100000231e+01,6.000000059500000305e+01,3.227000000000000313e+01,2.444000000000000128e+01
1.316619422435760498e+02,5.349104717499999850e+01,8.000000079999999514e+01,3.250000000000000000e+01,2.453999999999999915e+01
1.346530454158782959e+02,4.476614368799999966e+01,1.000000000000000000e+02,3.263000000000000256e+01,2.489000000000000057e+01
1.376439931392669678e+02,3.391349067699999864e+01,1.000000000000000000e+02,3.295000000000000284e+01,2.517999999999999972e+01
1.406349585056304932e+02,4.900674186799999887e+00,1.000000000000000000e+02,3.327000000000000313e+01,2.541000000000000014e+01
1.436263103485107422e+02,6.067129909100000162e+00,1.000000000000000000e+02,3.363000000000000256e+01,2.582999999999999829e+01
1.466181302070617676e+02,4.562984025699999613e+00,1.000000000000000000e+02,3.392000000000000171e+01,2.598999999999999844e+01
1.496089682579040527e+02,1.200738188399999906e+00,1.000000000000000000e+02,3.417999999999999972e+01,2.667000000000000171e+01
1.525998272895812988e+02,3.321191662300000114e-06,1.000000000000000000e+02,3.442999999999999972e+01,2.721000000000000085e+01
1.555909750461578369e+02,0.000000000000000000e+00,1.000000000000000000e+02,3.456000000000000227e+01,2.785999999999999943e+01
1.585822474956512451e+02,1.301644520200000082e-07,1.000000000000000000e+02,3.475999999999999801e+01,2.841000000000000014e+01
1.615727066993713379e+02,3.088898351199999969e-07,1.000000000000000000e+02,3.478999999999999915e+01,2.898999999999999844e+01
1.645636677742004395e+02,2.374706032999999970e-07,1.000000000000000000e+02,3.495000000000000284e+01,2.985999999999999943e+01
1.675552692413330078e+02,0.000000000000000000e+00,1.000000000000000000e+02,3.497999999999999687e+01,3.050000000000000000e+01
1.705464434623718262e+02,2.880742254099999833e-07,1.000000000000000000e+02,3.497999999999999687e+01,3.114999999999999858e+01
1.735371208190917969e+02,2.108746462100000085e-07,1.000000000000000000e+02,3.482000000000000028e+01,3.182000000000000028e+01
1.765282182693481445e+02,2.196734278399999846e-08,1.000000000000000000e+02,3.475999999999999801e+01,3.265999999999999659e+01
1.795186963081359863e+02,4.070845605799999959e-06,1.000000000000000000e+02,3.475999999999999801e+01,3.331000000000000227e+01
1.825090618133544922e+02,9.557825376400000229e-06,9.999999972499999501e+01,3.475999999999999801e+01,3.397999999999999687e+01
1.855008938312530518e+02,8.360066998500000735e-06,1.000000000000000000e+02,3.475999999999999801e+01,3.463000000000000256e+01
1.884920465946197510e+02,1.443624967999999975e-05,9.779593419799999765e+01,3.475999999999999801e+01,3.529999999999999716e+01
1.914824156761169434e+02,1.187736710299999977e-05,7.779593554400000244e+01,3.453000000000000114e+01,3.588000000000000256e+01
1.944734077453613281e+02,6.070275300300000338e-05,5.779593682699999846e+01,3.442999999999999972e+01,3.656000000000000227e+01
1.974640643596649170e+02,6.070407551300000085e-05,3.779593660399999777e+01,3.442999999999999972e+01,3.697999999999999687e+01
2.004550838470458984e+02,6.070413983000000281e-05,2.286376574399999839e+01,3.442999999999999972e+01,3.746000000000000085e+01
2.034453184604644775e+02,1.324753239499999985e-04,2.286375542800000105e+01,3.427000000000000313e+01,3.807999999999999829e+01
2.064359490871429443e+02,1.324762932100000048e-04,2.863755201400000061e+00,3.410999999999999943e+01,3.829999999999999716e+01
2.094269232749938965e+02,6.094058430600000076e-01,2.863757997200000016e+00,3.410999999999999943e+01,3.865999999999999659e+01
2.124182426929473877e+02,3.060940613900000073e+01,4.457018689200000217e-01,3.410999999999999943e+01,3.897999999999999687e+01
2.154097769260406494e+02,3.060940610000000106e+01,1.071209644399999981e-07,3.407999999999999829e+01,3.927000000000000313e+01
2.184004478454589844e+02,2.957153424599999880e+01,3.522861286800000319e-08,3.397999999999999687e+01,3.927000000000000313e+01
2.213915138244628906e+02,3.644076802000000015e+01,2.741536300799999744e-07,3.400999999999999801e+01,3.942999999999999972e+01
2.243819165229797363e+02,4.024661093299999948e+01,2.712848198000000024e-07,3.410999999999999943e+01,3.935999999999999943e+01
2.273728134632110596e+02,4.024661099499999750e+01,1.052200311200000016e+01,3.410999999999999943e+01,3.927000000000000313e+01
2.303640258312225342e+02,4.024661100000000147e+01,3.002232830000000163e+01,3.410999999999999943e+01,3.935999999999999943e+01
2.333543488979339600e+02,4.710645453800000126e+01,3.002232830000000163e+01,3.442999999999999972e+01,3.929999999999999716e+01
2.363445975780487061e+02,2.733627883400000158e+01,3.002232823499999981e+01,3.475999999999999801e+01,3.897999999999999687e+01
2.393356332778930664e+02,2.208021300000000053e+01,3.002232820000000046e+01,3.497999999999999687e+01,3.914000000000000057e+01
2.423266344070434570e+02,2.208021307299999947e+01,3.002232818699999939e+01,3.521000000000000085e+01,3.900999999999999801e+01
2.453183472156524658e+02,2.208021311699999956e+01,3.002232819500000005e+01,3.542999999999999972e+01,3.882000000000000028e+01
2.483085989952087402e+02,2.204541983800000082e+01,3.002232818699999939e+01,3.571999999999999886e+01,3.871999999999999886e+01
2.512993938922882080e+02,2.146285496799999848e+01,3.002232820000000046e+01,3.603999999999999915e+01,3.882000000000000028e+01
2.542901728153228760e+02,2.066833820000000088e+01,3.002232819900000038e+01,3.632999999999999829e+01,3.871999999999999886e+01
2.572813673019409180e+02,2.000398961599999836e+01,3.002232815700000046e+01,3.639999999999999858e+01,3.868999999999999773e+01
2.602716684341430664e+02,2.000398960700000117e+01,3.002232819700000022e+01,3.668999999999999773e+01,3.878000000000000114e+01
2.632632346153259277e+02,1.969777630500000143e+01,3.002232819700000022e+01,3.697999999999999687e+01,3.871999999999999886e+01
2.662548394203186035e+02,1.885190156799999883e+01,3.002232819700000022e+01,3.700999999999999801e+01,3.882000000000000028e+01
2.692461628913879395e+02,1.885190160799999859e+01,3.002232819900000038e+01,3.727000000000000313e+01,3.871999999999999886e+01
2.722371025085449219e+02,1.862781678099999993e+01,3.002232817699999856e+01,3.732999999999999829e+01,3.868999999999999773e+01
2.752285711765289307e+02,1.862781680599999845e+01,3.002232819900000038e+01,3.761999999999999744e+01,3.882000000000000028e+01
2.782189025878906250e+02,1.784774456199999904e+01,3.002232644600000100e+01,3.765999999999999659e+01,3.882000000000000028e+01
2.812092375755310059e+02,1.784774462200000045e+01,3.002232640000000075e+01,3.788000000000000256e+01,3.882000000000000028e+01
2.842001824378967285e+02,1.743749466199999887e+01,3.002232639800000058e+01,3.797999999999999687e+01,3.871999999999999886e+01
2.871911461353302002e+02,1.734423423699999844e+01,3.002232622300000031e+01,3.800999999999999801e+01,3.882000000000000028e+01
2.901814899444580078e+02,1.734424873400000067e+01,3.002232654699999870e+01,3.827000000000000313e+01,3.882000000000000028e+01
2.931721932888031006e+02,1.654268615899999872e+01,3.002232640300000099e+01,3.829999999999999716e+01,3.888000000000000256e+01
2.961633944511413574e+02,1.654268796099999861e+01,3.002232650299999861e+01,3.839999999999999858e+01,3.890999999999999659e+01
2.991544897556304932e+02,1.654268906500000114e+01,3.002232652900000076e+01,3.861999999999999744e+01,3.897999999999999687e+01
3.021453661918640137e+02,1.564984295900000077e+01,3.002232648300000051e+01,3.861999999999999744e+01,3.897999999999999687e+01
3.051361293792724609e+02,1.564984382599999968e+01,3.002232655899999969e+01,3.861999999999999744e+01,3.895000000000000284e+01
3.081272146701812744e+02,1.564984407200000049e+01,3.002232663299999871e+01,3.885000000000000142e+01,3.914000000000000057e+01
3.111186089515686035e+02,1.460157479499999944e+01,3.002232659999999953e+01,3.895000000000000284e+01,3.903999999999999915e+01
3.141099619865417480e+02,4.159626850000000431e+00,3.002232675100000137e+01,3.895000000000000284e+01,3.914000000000000057e+01
3.171012892723083496e+02,5.077768668800000107e+00,3.002232685299999915e+01,3.895000000000000284e+01,3.895000000000000284e+01
3.200931463241577148e+02,5.776417022599999562e+00,3.002232808100000128e+01,3.895000000000000284e+01,3.917000000000000171e+01
3.230844588279724121e+02,6.271380781000000404e+00,3.002232815200000005e+01,3.895000000000000284e+01,3.914000000000000057e+01
3.260760912895202637e+02,6.611534164000000047e+00,3.002232822099999865e+01,3.895000000000000284e+01,3.920000000000000284e+01
3.290671551227569580e+02,6.834253730300000385e+00,3.002232891899999956e+01,3.895000000000000284e+01,3.927000000000000313e+01
3.320580391883850098e+02,3.785190965500000195e-07,1.002232872599999958e+01,3.882000000000000028e+01,3.924000000000000199e+01
3.350487561225891113e+02,1.921108145600000033e-08,0.000000000000000000e+00,3.861999999999999744e+01,3.910999999999999943e+01
3.380392587184906006e+02,0.000000000000000000e+00,0.000000000000000000e+00,3.861999999999999744e+01,3.914000000000000057e+01
3.410298042297363281e+02,0.000000000000000000e+00,0.000000000000000000e+00,3.859000000000000341e+01,3.900999999999999801e+01
3.440209403038024902e+02,1.391790707299999874e-07,0.000000000000000000e+00,3.856000000000000227e+01,3.910999999999999943e+01
3.470122013092041016e+02,1.222145132400000025e-06,4.095134274099999680e-08,3.829999999999999716e+01,3.895000000000000284e+01
3.500025870800018311e+02,1.048639264800000095e-06,0.000000000000000000e+00,3.829999999999999716e+01,3.895000000000000284e+01
3.529944031238555908e+02,1.048533997799999934e-06,0.000000000000000000e+00,3.824000000000000199e+01,3.895000000000000284e+01
3.559852750301361084e+02,4.522775852199999930e-06,2.945137908799999843e-08,3.797999999999999687e+01,3.865999999999999659e+01
3.589762151241302490e+02,7.815163712399999260e-06,0.000000000000000000e+00,3.795000000000000284e+01,3.861999999999999744e+01
3.619677906036376953e+02,3.589473835999999807e+00,0.000000000000000000e+00,3.765999999999999659e+01,3.859000000000000341e+01
3.649593679904937744e+02,2.332677361800000071e+01,5.083016545400000044e-09,3.765999999999999659e+01,3.829999999999999716e+01
3.679509894847869873e+02,1.586551481799999941e+01,8.193678042000000024e-08,3.736999999999999744e+01,3.803999999999999915e+01
3.709420409202575684e+02,2.277837790299999909e+01,0.000000000000000000e+00,3.729999999999999716e+01,3.797999999999999687e+01
3.739329209327697754e+02,1.801212871899999968e+01,0.000000000000000000e+00,3.700999999999999801e+01,3.768999999999999773e+01
3.769235634803771973e+02,4.140816411200000147e+01,0.000000000000000000e+00,3.700999999999999801e+01,3.765999999999999659e+01
3.799149429798126221e+02,2.288153405399999940e+01,0.000000000000000000e+00,3.700999999999999801e+01,3.736999999999999744e+01
3.829050946235656738e+02,1.063324023600000068e+01,2.606600192799999976e-07,3.697999999999999687e+01,3.721000000000000085e+01
3.858961744308471680e+02,1.682705937700000121e+01,0.000000000000000000e+00,3.700999999999999801e+01,3.700999999999999801e+01
3.888869049549102783e+02,1.682705948099999915e+01,0.000000000000000000e+00,3.700999999999999801e+01,3.678999999999999915e+01
3.918779654502868652e+02,1.682705950700000130e+01,0.000000000000000000e+00,3.700999999999999801e+01,3.668999999999999773e+01
3.948691828250885010e+02,0.000000000000000000e+00,0.000000000000000000e+00,3.700999999999999801e+01,3.636999999999999744e+01
3.978596630096435547e+02,9.415812703300000584e-08,1.841444431600000007e-07,3.700999999999999801e+01,3.632999999999999829e+01
4.008504016399383545e+02,0.000000000000000000e+00,0.000000000000000000e+00,3.700999999999999801e+01,3.603999999999999915e+01
4.038405699729919434e+02,0.000000000000000000e+00,0.000000000000000000e+00,3.700999999999999801e+01,3.603999999999999915e+01
4.068311531543731689e+02,0.000000000000000000e+00,0.000000000000000000e+00,3.700999999999999801e+01,3.571999999999999886e+01
4.098226778507232666e+02,0.000000000000000000e+00,0.000000000000000000e+00,3.700999999999999801e+01,3.571999999999999886e+01
4.128128237724304199e+02,0.000000000000000000e+00,0.000000000000000000e+00,3.692000000000000171e+01,3.539999999999999858e+01
4.158037600517272949e+02,0.000000000000000000e+00,0.000000000000000000e+00,3.668999999999999773e+01,3.527000000000000313e+01
4.187952752113342285e+02,0.000000000000000000e+00,0.000000000000000000e+00,3.656000000000000227e+01,3.507999999999999829e+01
4.217856380939483643e+02,0.000000000000000000e+00,0.000000000000000000e+00,3.636999999999999744e+01,3.475999999999999801e+01
4.247763309478759766e+02,0.000000000000000000e+00,0.000000000000000000e+00,3.636999999999999744e+01,3.475999999999999801e+01
4.277670152187347412e+02,0.000000000000000000e+00,0.000000000000000000e+00,3.621000000000000085e+01,3.453000000000000114e+01
4.307575118541717529e+02,0.000000000000000000e+00,0.000000000000000000e+00,3.603999999999999915e+01,3.442999999999999972e+01
4.337492308616638184e+02,0.000000000000000000e+00,0.000000000000000000e+00,3.597999999999999687e+01,3.421000000000000085e+01
4.367403147220611572e+02,0.000000000000000000e+00,0.000000000000000000e+00,3.571999999999999886e+01,3.410999999999999943e+01
4.397316460609436035e+02,0.000000000000000000e+00,0.000000000000000000e+00,3.539999999999999858e+01,3.389000000000000057e+01
4.427226779460906982e+02,0.000000000000000000e+00,0.000000000000000000e+00,3.534000000000000341e+01,3.378999999999999915e+01
4.457141859531402588e+02,0.000000000000000000e+00,0.000000000000000000e+00,3.507999999999999829e+01,3.356000000000000227e+01
4.487055857181549072e+02,0.000000000000000000e+00,0.000000000000000000e+00,3.485000000000000142e+01,3.346999999999999886e+01
4.516964380741119385e+02,0.000000000000000000e+00,0.000000000000000000e+00,3.475999999999999801e+01,3.321000000000000085e+01
4.546871557235717773e+02,0.000000000000000000e+00,0.000000000000000000e+00,3.468999999999999773e+01,3.314000000000000057e+01
4.576782200336456299e+02,0.000000000000000000e+00,0.000000000000000000e+00,3.442999999999999972e+01,3.314000000000000057e+01
4.606693928241729736e+02,0.000000000000000000e+00,0.000000000000000000e+00,3.436999999999999744e+01,3.297999999999999687e+01
4.636605172157287598e+02,0.000000000000000000e+00,0.000000000000000000e+00,3.410999999999999943e+01,3.282000000000000028e+01
4.666517629623413086e+02,0.000000000000000000e+00,0.000000000000000000e+00,3.407999999999999829e+01,3.278999999999999915e+01
4.696425793170928955e+02,0.000000000000000000e+00,0.000000000000000000e+00,3.378999999999999915e+01,3.250000000000000000e+01
4.726335034370422363e+02,1.927288722499999914e-07,3.669077068600000005e-07,3.378999999999999915e+01,3.250000000000000000e+01
4.756245958805084229e+02,0.000000000000000000e+00,0.000000000000000000e+00,3.346999999999999886e+01,3.250000000000000000e+01
4.786160688400268555e+02,1.939235808300000098e-07,3.690816333399999924e-07,3.346999999999999886e+01,3.217999999999999972e+01
4.816072916984558105e+02,0.000000000000000000e+00,0.000000000000000000e+00,3.314000000000000057e+01,3.214999999999999858e+01
4.845982446670532227e+02,1.077109708900000049e-07,2.088498644199999936e-07,3.310999999999999943e+01,3.185999999999999943e+01
4.875892281532287598e+02,0.000000000000000000e+00,0.000000000000000000e+00,3.282000000000000028e+01,3.185999999999999943e+01
4.905800564289093018e+02,1.361367723999999970e-07,2.617208920599999991e-07,3.282000000000000028e+01,3.169000000000000128e+01
4.935714960098266602e+02,0.000000000000000000e+00,0.000000000000000000e+00,3.250000000000000000e+01,3.153000000000000114e+01
4.965621113777160645e+02,1.147333321099999989e-07,2.219209744899999878e-07,3.250000000000000000e+01,3.153000000000000114e+01
4.995531365871429443e+02,0.000000000000000000e+00,0.000000000000000000e+00,3.217999999999999972e+01,3.123999999999999844e+01
5.025438458919525146e+02,1.740043440600000070e-07,3.321313238899999955e-07,3.217999999999999972e+01,3.121000000000000085e+01
5.055351572036743164e+02,1.479839084600000031e-07,2.836482049900000108e-07,3.185999999999999943e+01,3.121000000000000085e+01
5.085256328582763672e+02,0.000000000000000000e+00,0.000000000000000000e+00,3.185999999999999943e+01,3.089000000000000057e+01
5.115161466598510742e+02,1.999177424900000046e-07,3.801282153400000176e-07,3.157000000000000028e+01,3.089000000000000057e+01
5.145071625709533691e+02,0.000000000000000000e+00,0.000000000000000000e+00,3.153000000000000114e+01,3.082000000000000028e+01
5.174977447986602783e+02,0.000000000000000000e+00,0.000000000000000000e+00,3.128000000000000114e+01,3.057000000000000028e+01
5.204888012409210205e+02,5.569505831400000257e-09,1.894459689699999868e-08,3.121000000000000085e+01,3.057000000000000028e+01
5.234796216487884521e+02,0.000000000000000000e+00,0.000000000000000000e+00,3.121000000000000085e+01,3.046999999999999886e+01
5.264705100059509277e+02,0.000000000000000000e+00,0.000000000000000000e+00,3.089000000000000057e+01,3.023999999999999844e+01
5.294610288143157959e+02,0.000000000000000000e+00,0.000000000000000000e+00,3.089000000000000057e+01,3.023999999999999844e+01
5.324516656398773193e+02,1.108870085299999978e-07,2.024482135899999978e-07,3.066000000000000014e+01,3.001999999999999957e+01
5.354427354335784912e+02,0.000000000000000000e+00,0.000000000000000000e+00,3.057000000000000028e+01,2.992000000000000171e+01
5.384340243339538574e+02,0.000000000000000000e+00,0.000000000000000000e+00,3.057000000000000028e+01,2.992000000000000171e+01
5.414254999160766602e+02,0.000000000000000000e+00,0.000000000000000000e+00,3.037000000000000099e+01,2.992000000000000171e+01
5.444166183471679688e+02,0.000000000000000000e+00,0.000000000000000000e+00,3.023999999999999844e+01,2.976000000000000156e+01
5.474077889919281006e+02,7.416481912100000110e-08,9.794526505200000412e-08,3.023999999999999844e+01,2.966000000000000014e+01
5.503994002342224121e+02,5.080745340899999989e-09,1.308270388399999960e-08,3.023999999999999844e+01,2.960000000000000142e+01
5.533911678791046143e+02,3.005486484399999933e-07,4.823649245999999777e-07,2.994999999999999929e+01,2.960000000000000142e+01
5.563820374011993408e+02,2.957939550199999869e-08,3.268340934499999713e-08,2.992000000000000171e+01,2.960000000000000142e+01
5.593730990886688232e+02,0.000000000000000000e+00,0.000000000000000000e+00,2.989000000000000057e+01,2.928000000000000114e+01
5.623635575771331787e+02,0.000000000000000000e+00,0.000000000000000000e+00,2.962999999999999901e+01,2.928000000000000114e+01
5.653541345596313477e+02,0.000000000000000000e+00,0.000000000000000000e+00,2.960000000000000142e+01,2.928000000000000114e+01
5.683456208705902100e+02,0.000000000000000000e+00,0.000000000000000000e+00,2.950000000000000000e+01,2.917999999999999972e+01
5.713366098403930664e+02,0.000000000000000000e+00,0.000000000000000000e+00,2.928000000000000114e+01,2.896000000000000085e+01
5.743273401260375977e+02,1.117314057799999898e-06,8.244081975900000113e-08,2.928000000000000114e+01,2.896000000000000085e+01
5.773181853294372559e+02,1.862786533200000086e-06,6.155199603699999352e-08,2.928000000000000114e+01,2.896000000000000085e+01
5.803095877170562744e+02,2.659940220699999818e-06,6.184879903300000551e-08,2.898999999999999844e+01,2.896000000000000085e+01
5.833000543117523193e+02,6.947308854800000274e-06,1.002795079600000046e-07,2.896000000000000085e+01,2.869999999999999929e+01
5.862906937599182129e+02,6.947357432000000347e-06,1.013379622100000066e-07,2.896000000000000085e+01,2.862999999999999901e+01
5.892815322875976562e+02,6.945836102899999975e-06,5.091275014899999674e-01,2.882999999999999829e+01,2.862999999999999901e+01
5.922726960182189941e+02,5.190072457899999793e-05,5.091263132300000160e-01,2.869999999999999929e+01,2.862999999999999901e+01
5.952636482715606689e+02,5.187985255999999674e-05,5.091263137000000549e-01,2.862999999999999901e+01,2.833999999999999986e+01
5.982548944950103760e+02,5.187962554199999676e-05,2.767598940100000071e+00,2.862999999999999901e+01,2.830999999999999872e+01
