0.0,	0.0,	0.0,	24.12,	24.12,	23.0,	23.0
1.000147819519043,	0.0,	0.0,	24.12,	24.12,	23.0,	23.0
2.001138687133789,	0.0,	0.0,	24.12,	24.12,	23.0,	23.0
3.001554250717163,	0.0,	0.0,	24.12,	24.12,	23.0,	23.0
4.002226114273071,	0.0,	0.0,	24.12,	24.12,	23.0,	23.0
5.00323224067688,	0.0,	0.0,	24.12,	24.12,	23.0,	23.0
6.00437331199646,	90.0,	50.0,	24.12,	24.12,	23.0,	23.0
7.0052947998046875,	90.0,	50.0,	24.12,	24.31,	23.0,	23.0
8.005927801132202,	90.0,	50.0,	24.12,	24.28,	23.0,	23.0
9.006918668746948,	90.0,	50.0,	24.12,	24.25,	23.0,	23.0
10.008206129074097,	90.0,	50.0,	24.19,	24.38,	23.0,	23.0
11.009353637695312,	90.0,	50.0,	24.25,	24.31,	23.0,	23.0
12.010605335235596,	90.0,	50.0,	24.35,	24.12,	23.0,	23.0
13.011451244354248,	90.0,	50.0,	24.44,	24.15,	23.0,	23.0
14.01376986503601,	90.0,	50.0,	24.44,	24.41,	23.0,	23.0
15.014802694320679,	90.0,	50.0,	24.57,	24.38,	23.0,	23.0
16.015475273132324,	90.0,	50.0,	24.77,	24.31,	23.0,	23.0
17.01573419570923,	90.0,	50.0,	24.8,	24.54,	23.0,	23.0
18.016327619552612,	90.0,	50.0,	25.06,	24.64,	23.0,	23.0
19.01749038696289,	90.0,	50.0,	25.15,	24.67,	23.0,	23.0
20.01811385154724,	90.0,	50.0,	25.41,	24.54,	23.0,	23.0
21.019468545913696,	90.0,	50.0,	25.67,	24.54,	23.0,	23.0
22.02042508125305,	90.0,	50.0,	25.8,	24.8,	23.0,	23.0
23.021564483642578,	90.0,	50.0,	26.05,	24.89,	23.0,	23.0
24.02259588241577,	90.0,	50.0,	26.25,	24.86,	23.0,	23.0
25.023200035095215,	90.0,	50.0,	26.47,	24.96,	23.0,	23.0
26.023895502090454,	90.0,	50.0,	26.73,	25.09,	23.0,	23.0
27.024657011032104,	90.0,	50.0,	27.02,	25.22,	23.0,	23.0
28.02569317817688,	90.0,	50.0,	27.34,	25.28,	23.0,	23.0
29.02761673927307,	90.0,	50.0,	27.6,	25.22,	23.0,	23.0
30.028665781021118,	90.0,	50.0,	27.89,	25.54,	23.0,	23.0
31.029648303985596,	90.0,	50.0,	28.08,	25.54,	23.0,	23.0
32.03020906448364,	90.0,	50.0,	28.57,	25.7,	23.0,	23.0
33.03101062774658,	90.0,	50.0,	28.92,	25.86,	23.0,	23.0
34.03222131729126,	90.0,	50.0,	29.28,	25.73,	23.0,	23.0
35.033517599105835,	90.0,	50.0,	29.57,	26.02,	23.0,	23.0
36.03481388092041,	90.0,	50.0,	29.92,	26.22,	23.0,	23.0
37.03527307510376,	90.0,	50.0,	30.21,	26.15,	23.0,	23.0
38.03609490394592,	90.0,	50.0,	30.57,	26.28,	23.0,	23.0
39.03692626953125,	90.0,	50.0,	30.89,	26.47,	23.0,	23.0
40.03827142715454,	90.0,	50.0,	31.18,	26.63,	23.0,	23.0
41.0386221408844,	90.0,	50.0,	31.53,	26.73,	23.0,	23.0
42.03954577445984,	90.0,	50.0,	31.86,	26.86,	23.0,	23.0
43.0413761138916,	90.0,	50.0,	32.18,	26.86,	23.0,	23.0
44.042027950286865,	90.0,	50.0,	32.5,	26.92,	23.0,	23.0
45.043084144592285,	90.0,	50.0,	32.82,	27.15,	23.0,	23.0
46.04344391822815,	90.0,	50.0,	33.14,	27.21,	23.0,	23.0
47.04473328590393,	90.0,	50.0,	33.47,	27.31,	23.0,	23.0
48.045143365859985,	90.0,	50.0,	33.82,	27.54,	23.0,	23.0
49.045921325683594,	90.0,	50.0,	34.27,	27.57,	23.0,	23.0
50.04617357254028,	90.0,	50.0,	34.66,	27.86,	23.0,	23.0
51.047139167785645,	90.0,	50.0,	35.08,	27.86,	23.0,	23.0
52.04804968833923,	90.0,	50.0,	35.4,	28.21,	23.0,	23.0
53.04976224899292,	90.0,	50.0,	35.72,	28.28,	23.0,	23.0
54.05070948600769,	90.0,	50.0,	36.04,	28.37,	23.0,	23.0
55.05203580856323,	90.0,	50.0,	36.37,	28.41,	23.0,	23.0
56.053142786026,	90.0,	50.0,	36.72,	28.54,	23.0,	23.0
57.05355453491211,	90.0,	50.0,	37.24,	28.7,	23.0,	23.0
58.05448246002197,	90.0,	50.0,	37.56,	28.92,	23.0,	23.0
59.05494999885559,	90.0,	50.0,	37.98,	29.08,	23.0,	23.0
60.055732011795044,	90.0,	50.0,	38.3,	29.15,	23.0,	23.0
61.056211948394775,	90.0,	50.0,	38.62,	29.47,	23.0,	23.0
62.05706000328064,	90.0,	50.0,	38.95,	29.37,	23.0,	23.0
63.058931827545166,	90.0,	50.0,	39.27,	29.73,	23.0,	23.0
64.05983138084412,	90.0,	50.0,	39.69,	29.89,	23.0,	23.0
65.06143450737,	90.0,	50.0,	40.07,	29.7,	23.0,	23.0
66.06256699562073,	90.0,	50.0,	40.46,	30.12,	23.0,	23.0
67.06342792510986,	90.0,	50.0,	40.88,	30.12,	23.0,	23.0
68.0643675327301,	90.0,	50.0,	41.2,	30.37,	23.0,	23.0
69.06447863578796,	90.0,	50.0,	41.52,	30.44,	23.0,	23.0
70.06587600708008,	90.0,	50.0,	41.91,	30.53,	23.0,	23.0
71.06617546081543,	90.0,	50.0,	42.2,	30.76,	23.0,	23.0
72.06647181510925,	90.0,	50.0,	42.52,	30.82,	23.0,	23.0
73.06709051132202,	90.0,	50.0,	43.01,	31.08,	23.0,	23.0
74.06788921356201,	90.0,	50.0,	43.33,	30.89,	23.0,	23.0
75.0688579082489,	90.0,	50.0,	43.71,	31.34,	23.0,	23.0
76.06972670555115,	90.0,	50.0,	44.04,	31.4,	23.0,	23.0
77.0701675415039,	90.0,	50.0,	44.33,	31.53,	23.0,	23.0
78.08242726325989,	90.0,	50.0,	44.75,	31.82,	23.0,	23.0
79.08339500427246,	90.0,	50.0,	45.07,	31.79,	23.0,	23.0
80.08486938476562,	90.0,	50.0,	45.39,	31.86,	23.0,	23.0
81.08564972877502,	90.0,	50.0,	45.71,	32.05,	23.0,	23.0
82.0865843296051,	90.0,	50.0,	46.04,	32.47,	23.0,	23.0
83.08735585212708,	90.0,	50.0,	46.36,	32.47,	23.0,	23.0
84.08790230751038,	90.0,	50.0,	46.71,	32.69,	23.0,	23.0
85.08965039253235,	90.0,	50.0,	47.0,	32.79,	23.0,	23.0
86.09028840065002,	90.0,	50.0,	47.36,	33.05,	23.0,	23.0
87.09089541435242,	90.0,	50.0,	47.65,	33.02,	23.0,	23.0
88.09157633781433,	90.0,	50.0,	47.97,	33.18,	23.0,	23.0
89.0922532081604,	90.0,	50.0,	48.29,	33.34,	23.0,	23.0
90.09291958808899,	90.0,	50.0,	48.61,	33.34,	23.0,	23.0
91.09375596046448,	90.0,	50.0,	48.94,	33.66,	23.0,	23.0
92.09434533119202,	90.0,	50.0,	49.26,	33.66,	23.0,	23.0
93.09455299377441,	90.0,	50.0,	49.58,	33.95,	23.0,	23.0
94.09587502479553,	90.0,	50.0,	49.93,	33.98,	23.0,	23.0
95.09689664840698,	90.0,	50.0,	50.22,	34.3,	23.0,	23.0
96.09753942489624,	90.0,	50.0,	50.55,	34.3,	23.0,	23.0
97.09833979606628,	90.0,	50.0,	50.87,	34.53,	23.0,	23.0
98.09935116767883,	90.0,	50.0,	51.19,	34.43,	23.0,	23.0
99.10023760795593,	90.0,	50.0,	51.51,	34.63,	23.0,	23.0
100.1007149219513,	90.0,	50.0,	51.84,	34.95,	23.0,	23.0
101.10083079338074,	90.0,	50.0,	52.13,	34.95,	23.0,	23.0
102.10134649276733,	90.0,	50.0,	52.45,	35.11,	23.0,	23.0
103.10229992866516,	90.0,	50.0,	52.71,	35.27,	23.0,	23.0
104.1038932800293,	90.0,	50.0,	52.9,	35.53,	23.0,	23.0
105.10537028312683,	90.0,	50.0,	53.13,	35.59,	23.0,	23.0
106.10632252693176,	90.0,	50.0,	53.45,	35.63,	23.0,	23.0
107.10729265213013,	90.0,	50.0,	53.74,	35.82,	23.0,	23.0
108.10916090011597,	90.0,	50.0,	54.09,	36.01,	23.0,	23.0
109.11064910888672,	90.0,	50.0,	54.38,	36.3,	23.0,	23.0
110.11193490028381,	90.0,	50.0,	54.74,	36.27,	23.0,	23.0
111.11299252510071,	90.0,	50.0,	55.06,	36.5,	23.0,	23.0
112.11407256126404,	90.0,	50.0,	55.19,	36.46,	23.0,	23.0
113.11527442932129,	90.0,	50.0,	55.45,	36.75,	23.0,	23.0
114.11660838127136,	90.0,	50.0,	55.7,	36.69,	23.0,	23.0
115.11757779121399,	90.0,	50.0,	56.03,	36.98,	23.0,	23.0
116.12000107765198,	90.0,	50.0,	56.35,	37.17,	23.0,	23.0
117.12126135826111,	90.0,	50.0,	56.61,	37.21,	23.0,	23.0
118.1219072341919,	90.0,	50.0,	56.86,	37.24,	23.0,	23.0
119.12245583534241,	90.0,	50.0,	57.15,	37.53,	23.0,	23.0
120.12347650527954,	90.0,	50.0,	57.44,	37.66,	23.0,	23.0
121.12418127059937,	90.0,	50.0,	57.64,	37.85,	23.0,	23.0
122.12472367286682,	90.0,	50.0,	57.96,	37.95,	23.0,	23.0
123.1249647140503,	90.0,	50.0,	58.22,	38.17,	23.0,	23.0
124.12599802017212,	90.0,	50.0,	58.51,	38.24,	23.0,	23.0
125.12676620483398,	90.0,	50.0,	58.64,	38.59,	23.0,	23.0
126.12709498405457,	90.0,	50.0,	58.93,	38.49,	23.0,	23.0
127.12844848632812,	90.0,	50.0,	59.18,	38.69,	23.0,	23.0
128.12933111190796,	90.0,	50.0,	59.31,	38.91,	23.0,	23.0
129.13026237487793,	90.0,	50.0,	59.6,	38.88,	23.0,	23.0
130.1309084892273,	90.0,	50.0,	59.89,	39.14,	23.0,	23.0
131.13097310066223,	90.0,	50.0,	60.21,	39.2,	23.0,	23.0
132.1325604915619,	90.0,	50.0,	60.38,	39.4,	23.0,	23.0
133.13358521461487,	90.0,	50.0,	60.57,	39.56,	23.0,	23.0
134.13495588302612,	90.0,	50.0,	60.86,	39.69,	23.0,	23.0
135.13547325134277,	90.0,	50.0,	61.08,	39.78,	23.0,	23.0
136.13601183891296,	90.0,	50.0,	61.25,	39.94,	23.0,	23.0
137.1369116306305,	90.0,	50.0,	61.5,	40.11,	23.0,	23.0
138.13711094856262,	90.0,	50.0,	61.83,	40.14,	23.0,	23.0
139.13781762123108,	90.0,	50.0,	61.96,	40.43,	23.0,	23.0
140.13849902153015,	90.0,	50.0,	62.18,	40.43,	23.0,	23.0
141.13941168785095,	90.0,	50.0,	62.47,	40.65,	23.0,	23.0
142.14076709747314,	90.0,	50.0,	62.76,	40.75,	23.0,	23.0
143.14258122444153,	90.0,	50.0,	62.89,	40.85,	23.0,	23.0
144.14277505874634,	90.0,	50.0,	63.12,	40.88,	23.0,	23.0
145.14369201660156,	90.0,	50.0,	63.44,	41.1,	23.0,	23.0
146.14516830444336,	90.0,	50.0,	63.6,	41.49,	23.0,	23.0
147.15164041519165,	90.0,	50.0,	63.76,	41.2,	23.0,	23.0
148.1519136428833,	90.0,	50.0,	64.08,	41.75,	23.0,	23.0
149.15290713310242,	90.0,	50.0,	64.24,	41.72,	23.0,	23.0
150.1533362865448,	90.0,	50.0,	64.44,	41.88,	23.0,	23.0
151.15969586372375,	90.0,	50.0,	64.73,	42.14,	23.0,	23.0
152.1605486869812,	90.0,	50.0,	64.95,	42.07,	23.0,	23.0
153.1611704826355,	90.0,	50.0,	65.05,	42.46,	23.0,	23.0
154.16200399398804,	90.0,	50.0,	65.37,	42.39,	23.0,	23.0
155.1622440814972,	90.0,	50.0,	65.47,	42.72,	23.0,	23.0
156.16285800933838,	90.0,	50.0,	65.69,	42.59,	23.0,	23.0
157.16387963294983,	90.0,	50.0,	65.89,	42.75,	23.0,	23.0
158.16519904136658,	90.0,	50.0,	66.02,	43.07,	23.0,	23.0
159.1659815311432,	90.0,	50.0,	66.18,	42.81,	23.0,	23.0
160.16688561439514,	90.0,	50.0,	66.34,	43.17,	23.0,	23.0
161.16994071006775,	90.0,	50.0,	66.53,	43.33,	23.0,	23.0
162.17061257362366,	90.0,	50.0,	66.66,	43.26,	23.0,	23.0
163.17119884490967,	90.0,	50.0,	66.92,	43.65,	23.0,	23.0
164.17175841331482,	90.0,	50.0,	66.98,	43.75,	23.0,	23.0
165.17256546020508,	90.0,	50.0,	67.21,	43.84,	23.0,	23.0
166.17292761802673,	90.0,	50.0,	67.3,	43.97,	23.0,	23.0
167.17422366142273,	90.0,	50.0,	67.53,	44.0,	23.0,	23.0
168.1747488975525,	90.0,	50.0,	67.72,	44.2,	23.0,	23.0
169.1761384010315,	90.0,	50.0,	67.95,	44.52,	23.0,	23.0
170.17660403251648,	90.0,	50.0,	68.24,	44.58,	23.0,	23.0
171.17703652381897,	90.0,	50.0,	68.27,	44.62,	23.0,	23.0
172.1778929233551,	90.0,	50.0,	68.43,	44.71,	23.0,	23.0
173.17818593978882,	90.0,	50.0,	68.59,	44.94,	23.0,	23.0
174.1785078048706,	90.0,	50.0,	68.75,	45.07,	23.0,	23.0
175.1789209842682,	90.0,	50.0,	68.95,	45.26,	23.0,	23.0
176.17932534217834,	90.0,	50.0,	69.21,	45.26,	23.0,	23.0
177.18053555488586,	90.0,	50.0,	69.24,	45.46,	23.0,	23.0
178.1817820072174,	90.0,	50.0,	69.53,	45.58,	23.0,	23.0
179.1840090751648,	90.0,	50.0,	69.62,	45.58,	23.0,	23.0
180.18574023246765,	90.0,	50.0,	69.88,	45.84,	23.0,	23.0
181.1861696243286,	90.0,	50.0,	69.95,	46.0,	23.0,	23.0
182.18765783309937,	90.0,	50.0,	70.21,	46.04,	23.0,	23.0
183.18839597702026,	90.0,	50.0,	70.53,	46.23,	23.0,	23.0
184.18863248825073,	90.0,	50.0,	70.53,	46.26,	23.0,	23.0
185.18956923484802,	90.0,	50.0,	70.82,	46.36,	23.0,	23.0
186.18994522094727,	90.0,	50.0,	70.88,	46.55,	23.0,	23.0
187.19209837913513,	90.0,	50.0,	71.14,	46.55,	23.0,	23.0
188.19241738319397,	90.0,	50.0,	71.17,	46.65,	23.0,	23.0
189.1931118965149,	90.0,	50.0,	71.17,	46.78,	23.0,	23.0
190.19343662261963,	90.0,	50.0,	71.46,	46.87,	23.0,	23.0
191.1942868232727,	90.0,	50.0,	71.49,	46.94,	23.0,	23.0
192.19495916366577,	90.0,	50.0,	71.66,	47.2,	23.0,	23.0
193.19543981552124,	80.0,	50.0,	71.82,	47.2,	23.0,	23.0
194.19597053527832,	80.0,	50.0,	71.82,	47.45,	23.0,	23.0
195.19657063484192,	80.0,	50.0,	72.11,	47.58,	23.0,	23.0
196.1983664035797,	80.0,	50.0,	72.14,	47.61,	23.0,	23.0
197.1994116306305,	80.0,	50.0,	72.3,	47.58,	23.0,	23.0
198.19958662986755,	80.0,	50.0,	72.46,	47.94,	23.0,	23.0
199.2011058330536,	80.0,	50.0,	72.46,	47.84,	23.0,	23.0
200.20295214653015,	80.0,	50.0,	72.62,	47.9,	23.0,	23.0
201.20404839515686,	80.0,	50.0,	72.78,	48.16,	23.0,	23.0
202.20645785331726,	80.0,	50.0,	72.85,	48.19,	23.0,	23.0
203.2068543434143,	80.0,	50.0,	73.04,	48.39,	23.0,	23.0
204.20785427093506,	80.0,	50.0,	73.11,	48.48,	23.0,	23.0
205.20882892608643,	80.0,	50.0,	73.43,	48.52,	23.0,	23.0
206.21011662483215,	80.0,	50.0,	73.62,	48.77,	23.0,	23.0
207.21146416664124,	80.0,	50.0,	73.75,	48.81,	23.0,	23.0
208.2129225730896,	80.0,	50.0,	73.78,	49.0,	23.0,	23.0
209.2150638103485,	80.0,	50.0,	73.88,	48.87,	23.0,	23.0
210.2161784172058,	80.0,	50.0,	74.04,	49.13,	23.0,	23.0
211.21713280677795,	80.0,	50.0,	74.07,	48.94,	23.0,	23.0
212.21803402900696,	80.0,	50.0,	74.07,	49.39,	23.0,	23.0
213.21963453292847,	80.0,	50.0,	74.2,	49.45,	23.0,	23.0
214.2204098701477,	80.0,	50.0,	74.39,	49.45,	23.0,	23.0
215.2221326828003,	80.0,	50.0,	74.39,	49.52,	23.0,	23.0
216.22253155708313,	80.0,	50.0,	74.49,	49.77,	23.0,	23.0
217.2352843284607,	80.0,	50.0,	74.72,	49.87,	23.0,	23.0
218.23630809783936,	80.0,	50.0,	74.72,	49.71,	23.0,	23.0
219.23786282539368,	80.0,	50.0,	74.75,	50.1,	23.0,	23.0
220.23918676376343,	80.0,	50.0,	74.91,	50.19,	23.0,	23.0
221.23955082893372,	80.0,	50.0,	75.04,	50.26,	23.0,	23.0
222.2408344745636,	80.0,	50.0,	75.04,	50.45,	23.0,	23.0
223.24220824241638,	80.0,	50.0,	75.17,	50.42,	23.0,	23.0
224.24329137802124,	80.0,	50.0,	75.33,	50.48,	23.0,	23.0
225.24399185180664,	80.0,	50.0,	75.36,	50.71,	23.0,	23.0
226.24489426612854,	80.0,	50.0,	75.49,	50.74,	23.0,	23.0
227.24647402763367,	80.0,	50.0,	75.52,	50.8,	23.0,	23.0
228.2478141784668,	80.0,	50.0,	75.68,	50.8,	23.0,	23.0
229.24904108047485,	80.0,	50.0,	75.68,	51.06,	23.0,	23.0
230.2495174407959,	80.0,	50.0,	75.68,	51.16,	23.0,	23.0
231.2500307559967,	80.0,	50.0,	75.68,	51.09,	23.0,	23.0
232.25097632408142,	80.0,	50.0,	75.81,	51.0,	23.0,	23.0
233.2520740032196,	80.0,	50.0,	75.88,	51.38,	23.0,	23.0
234.25309705734253,	80.0,	50.0,	75.97,	51.48,	23.0,	23.0
235.25359225273132,	80.0,	50.0,	76.01,	51.45,	23.0,	23.0
236.2542417049408,	80.0,	50.0,	76.01,	51.8,	23.0,	23.0
237.25547289848328,	80.0,	50.0,	76.01,	51.8,	23.0,	23.0
238.25579524040222,	80.0,	50.0,	76.01,	51.71,	23.0,	23.0
239.25699973106384,	80.0,	50.0,	76.1,	51.84,	23.0,	23.0
240.25802755355835,	80.0,	50.0,	76.33,	51.67,	23.0,	23.0
241.25819396972656,	80.0,	50.0,	76.33,	52.09,	23.0,	23.0
242.25870370864868,	80.0,	50.0,	76.36,	51.84,	23.0,	23.0
243.25975465774536,	80.0,	50.0,	76.39,	52.16,	23.0,	23.0
244.26108264923096,	80.0,	50.0,	76.46,	52.22,	23.0,	23.0
245.26165199279785,	80.0,	50.0,	76.52,	52.22,	23.0,	23.0
246.26300573349,	80.0,	50.0,	76.62,	52.45,	23.0,	23.0
247.2641966342926,	80.0,	50.0,	76.65,	52.42,	23.0,	23.0
248.2650272846222,	80.0,	50.0,	76.65,	52.51,	23.0,	23.0
249.26629996299744,	80.0,	50.0,	76.65,	52.77,	23.0,	23.0
250.2680652141571,	80.0,	50.0,	76.71,	52.58,	23.0,	23.0
251.2695574760437,	80.0,	50.0,	76.91,	52.87,	23.0,	23.0
252.26990246772766,	80.0,	50.0,	76.97,	52.87,	23.0,	23.0
253.27100253105164,	80.0,	50.0,	76.97,	52.93,	23.0,	23.0
254.27232813835144,	80.0,	50.0,	77.0,	53.0,	23.0,	23.0
255.27293753623962,	80.0,	50.0,	77.07,	52.8,	23.0,	23.0
256.2743773460388,	80.0,	50.0,	77.13,	53.0,	23.0,	23.0
257.2749879360199,	80.0,	50.0,	77.07,	53.13,	23.0,	23.0
258.2754032611847,	80.0,	50.0,	76.97,	52.93,	23.0,	23.0
259.2765202522278,	80.0,	50.0,	76.97,	52.9,	23.0,	23.0
260.2779133319855,	80.0,	50.0,	77.07,	53.09,	23.0,	23.0
261.2790038585663,	80.0,	50.0,	77.23,	53.19,	23.0,	23.0
262.27972769737244,	80.0,	50.0,	77.29,	53.29,	23.0,	23.0
263.28055024147034,	80.0,	50.0,	77.39,	53.32,	23.0,	23.0
264.2816536426544,	80.0,	50.0,	77.55,	53.13,	23.0,	23.0
265.2829039096832,	80.0,	50.0,	77.62,	53.67,	23.0,	23.0
266.2838704586029,	80.0,	50.0,	77.84,	53.67,	23.0,	23.0
267.2840747833252,	80.0,	50.0,	77.94,	54.06,	23.0,	23.0
268.2843816280365,	80.0,	50.0,	77.91,	53.9,	23.0,	23.0
269.2850251197815,	80.0,	50.0,	77.68,	53.77,	23.0,	23.0
270.2853829860687,	80.0,	50.0,	77.62,	53.93,	23.0,	23.0
271.28698205947876,	80.0,	50.0,	77.62,	53.58,	23.0,	23.0
272.2876274585724,	80.0,	50.0,	77.87,	54.06,	23.0,	23.0
273.28902888298035,	80.0,	50.0,	77.94,	53.77,	23.0,	23.0
274.28967118263245,	80.0,	50.0,	77.94,	54.12,	23.0,	23.0
275.29025053977966,	80.0,	50.0,	77.94,	54.06,	23.0,	23.0
276.2908329963684,	80.0,	50.0,	78.0,	54.25,	23.0,	23.0
277.2911961078644,	80.0,	50.0,	78.13,	54.19,	23.0,	23.0
278.29220485687256,	80.0,	50.0,	78.26,	54.35,	23.0,	23.0
279.2927267551422,	80.0,	50.0,	78.26,	54.54,	23.0,	23.0
280.2943232059479,	80.0,	50.0,	78.29,	54.7,	23.0,	23.0
281.2950870990753,	80.0,	50.0,	78.36,	54.67,	23.0,	23.0
282.2960195541382,	80.0,	50.0,	78.55,	54.51,	23.0,	23.0
283.2967619895935,	80.0,	50.0,	78.58,	54.9,	23.0,	23.0
284.29794669151306,	80.0,	50.0,	78.58,	54.96,	23.0,	23.0
285.2988848686218,	80.0,	50.0,	78.62,	54.93,	23.0,	23.0
286.2998900413513,	80.0,	50.0,	78.84,	55.03,	23.0,	23.0
287.30085492134094,	80.0,	50.0,	78.91,	55.06,	23.0,	23.0
288.30119824409485,	80.0,	50.0,	78.91,	55.19,	23.0,	23.0
289.302449464798,	80.0,	50.0,	78.91,	55.22,	23.0,	23.0
290.30411028862,	80.0,	50.0,	78.97,	55.25,	23.0,	23.0
291.3049590587616,	80.0,	60.0,	79.1,	55.28,	23.0,	23.0
292.30621218681335,	80.0,	60.0,	79.0,	55.35,	23.0,	23.0
293.3076493740082,	80.0,	60.0,	79.2,	55.38,	23.0,	23.0
294.30847692489624,	80.0,	60.0,	79.16,	55.67,	23.0,	23.0
295.30962204933167,	80.0,	60.0,	79.23,	55.7,	23.0,	23.0
296.31045794487,	80.0,	60.0,	79.23,	55.64,	23.0,	23.0
297.31206583976746,	80.0,	60.0,	79.23,	55.86,	23.0,	23.0
298.3131730556488,	80.0,	60.0,	79.26,	55.99,	23.0,	23.0
299.31364130973816,	80.0,	60.0,	79.26,	55.9,	23.0,	23.0
300.3147351741791,	80.0,	60.0,	79.45,	56.06,	23.0,	23.0
301.3155834674835,	80.0,	60.0,	79.45,	56.09,	23.0,	23.0
302.31662583351135,	80.0,	60.0,	79.52,	55.86,	23.0,	23.0
303.31751012802124,	80.0,	60.0,	79.45,	56.19,	23.0,	23.0
304.31898951530457,	80.0,	60.0,	79.52,	56.32,	23.0,	23.0
305.3201720714569,	80.0,	60.0,	79.55,	56.35,	23.0,	23.0
306.32065415382385,	80.0,	60.0,	79.55,	56.41,	23.0,	23.0
307.3213527202606,	80.0,	60.0,	79.58,	56.41,	23.0,	23.0
308.3223226070404,	80.0,	60.0,	79.58,	56.54,	23.0,	23.0
309.3233542442322,	80.0,	60.0,	79.58,	56.67,	23.0,	23.0
310.324814081192,	80.0,	60.0,	79.78,	56.7,	23.0,	23.0
311.32547187805176,	80.0,	60.0,	79.87,	56.8,	23.0,	23.0
312.32625937461853,	80.0,	60.0,	79.87,	56.96,	23.0,	23.0
313.3277037143707,	80.0,	60.0,	79.91,	56.96,	23.0,	23.0
314.3283190727234,	80.0,	60.0,	79.87,	56.86,	23.0,	23.0
315.32881927490234,	80.0,	60.0,	80.13,	56.67,	23.0,	23.0
316.3298234939575,	80.0,	60.0,	80.2,	56.93,	23.0,	23.0
317.3302216529846,	80.0,	60.0,	80.13,	56.99,	23.0,	23.0
318.3309509754181,	80.0,	60.0,	80.2,	57.19,	23.0,	23.0
319.3323423862457,	80.0,	60.0,	80.2,	57.09,	23.0,	23.0
320.3333125114441,	80.0,	60.0,	80.2,	57.22,	23.0,	23.0
321.33449721336365,	80.0,	60.0,	80.29,	57.31,	23.0,	23.0
322.3359899520874,	80.0,	60.0,	80.26,	57.6,	23.0,	23.0
323.33722734451294,	80.0,	60.0,	80.26,	57.57,	23.0,	23.0
324.33872413635254,	80.0,	60.0,	80.29,	57.6,	23.0,	23.0
325.33940601348877,	80.0,	60.0,	80.36,	57.67,	23.0,	23.0
326.3403868675232,	80.0,	60.0,	80.42,	57.67,	23.0,	23.0
327.34068489074707,	80.0,	60.0,	80.52,	57.64,	23.0,	23.0
328.3413145542145,	80.0,	60.0,	80.52,	57.99,	23.0,	23.0
329.34267115592957,	80.0,	60.0,	80.55,	58.02,	23.0,	23.0
330.34332275390625,	80.0,	60.0,	80.52,	57.89,	23.0,	23.0
331.3438799381256,	80.0,	60.0,	80.58,	58.22,	23.0,	23.0
332.3448522090912,	80.0,	60.0,	80.58,	58.15,	23.0,	23.0
333.3454637527466,	80.0,	60.0,	80.74,	58.15,	23.0,	23.0
334.34683895111084,	80.0,	60.0,	80.74,	58.15,	23.0,	23.0
335.34808135032654,	80.0,	60.0,	80.81,	58.22,	23.0,	23.0
336.3496878147125,	80.0,	60.0,	80.78,	58.28,	23.0,	23.0
337.35042214393616,	80.0,	60.0,	80.78,	58.54,	23.0,	23.0
338.3514747619629,	80.0,	60.0,	80.84,	58.54,	23.0,	23.0
339.3524429798126,	80.0,	60.0,	80.84,	58.41,	23.0,	23.0
340.35316920280457,	80.0,	60.0,	80.84,	58.64,	23.0,	23.0
341.35408329963684,	90.0,	60.0,	80.84,	58.76,	23.0,	23.0
342.35516381263733,	90.0,	60.0,	80.84,	58.93,	23.0,	23.0
343.3560063838959,	90.0,	60.0,	80.84,	58.83,	23.0,	23.0
344.3572516441345,	90.0,	60.0,	80.9,	58.86,	23.0,	23.0
345.3582112789154,	90.0,	60.0,	80.94,	59.02,	23.0,	23.0
346.35847759246826,	90.0,	60.0,	81.16,	58.96,	23.0,	23.0
347.35864329338074,	90.0,	60.0,	81.16,	59.31,	23.0,	23.0
348.35973286628723,	90.0,	60.0,	81.16,	59.02,	23.0,	23.0
349.35986518859863,	90.0,	60.0,	81.16,	59.18,	23.0,	23.0
350.36029863357544,	90.0,	60.0,	81.16,	59.31,	23.0,	23.0
351.36132407188416,	90.0,	60.0,	81.23,	59.54,	23.0,	23.0
352.3626084327698,	90.0,	60.0,	81.36,	59.54,	23.0,	23.0
353.3631594181061,	90.0,	60.0,	81.39,	59.44,	23.0,	23.0
354.3644165992737,	90.0,	60.0,	81.23,	59.31,	23.0,	23.0
355.3675265312195,	90.0,	60.0,	81.36,	58.93,	23.0,	23.0
356.36823534965515,	90.0,	60.0,	81.48,	59.02,	23.0,	23.0
357.36924266815186,	90.0,	60.0,	81.48,	59.22,	23.0,	23.0
358.37045192718506,	90.0,	60.0,	81.45,	59.28,	23.0,	23.0
359.371639251709,	90.0,	60.0,	81.48,	59.18,	23.0,	23.0
360.3721454143524,	90.0,	60.0,	81.48,	59.25,	23.0,	23.0
361.3729786872864,	90.0,	60.0,	81.55,	59.44,	23.0,	23.0
362.3734338283539,	90.0,	60.0,	81.71,	59.34,	23.0,	23.0
363.37405133247375,	90.0,	60.0,	81.48,	59.51,	23.0,	23.0
364.3750994205475,	90.0,	60.0,	81.42,	59.28,	23.0,	23.0
365.376412153244,	90.0,	60.0,	81.19,	59.18,	23.0,	23.0
366.3770716190338,	90.0,	60.0,	80.84,	58.99,	23.0,	23.0
367.37840843200684,	90.0,	60.0,	80.78,	58.89,	23.0,	23.0
368.37961196899414,	90.0,	60.0,	80.84,	58.93,	23.0,	23.0
369.38041734695435,	90.0,	60.0,	80.9,	58.86,	23.0,	23.0
370.38172578811646,	90.0,	60.0,	81.16,	58.96,	23.0,	23.0
371.38255047798157,	90.0,	60.0,	81.16,	59.28,	23.0,	23.0
372.3853621482849,	90.0,	60.0,	81.39,	59.28,	23.0,	23.0
373.3857822418213,	90.0,	60.0,	81.39,	59.18,	23.0,	23.0
374.38711404800415,	90.0,	60.0,	81.48,	59.12,	23.0,	23.0
375.38789200782776,	90.0,	60.0,	81.52,	59.34,	23.0,	23.0
376.388733625412,	90.0,	60.0,	81.71,	59.6,	23.0,	23.0
377.39063596725464,	90.0,	60.0,	81.81,	59.51,	23.0,	23.0
378.39181327819824,	90.0,	60.0,	81.81,	59.57,	23.0,	23.0
379.3926739692688,	90.0,	60.0,	81.9,	59.86,	23.0,	23.0
380.3942093849182,	90.0,	60.0,	82.13,	59.89,	23.0,	23.0
381.3948428630829,	90.0,	60.0,	82.13,	59.76,	23.0,	23.0
382.3957006931305,	90.0,	60.0,	81.74,	59.44,	23.0,	23.0
383.39703345298767,	90.0,	60.0,	81.42,	59.34,	23.0,	23.0
384.39820981025696,	90.0,	60.0,	81.42,	59.31,	23.0,	23.0
