0.0,	0.0,	0.0,	22.83,	22.83,	23.0,	23.0
1.0167713165283203,	0.0,	0.0,	22.83,	22.83,	23.0,	23.0
2.0214173793792725,	0.0,	0.0,	22.86,	22.83,	23.0,	23.0
3.02548885345459,	0.0,	0.0,	22.83,	22.83,	23.0,	23.0
4.04621696472168,	0.0,	0.0,	22.83,	22.83,	23.0,	23.0
5.050783157348633,	0.0,	0.0,	22.83,	22.83,	23.0,	23.0
6.054184198379517,	80.0,	20.0,	22.9,	22.83,	23.0,	23.0
7.05564546585083,	80.0,	20.0,	22.96,	22.93,	23.0,	23.0
8.056676626205444,	80.0,	20.0,	22.96,	22.93,	23.0,	23.0
9.061293840408325,	80.0,	20.0,	22.99,	22.9,	23.0,	23.0
10.06885838508606,	80.0,	20.0,	22.93,	22.9,	23.0,	23.0
11.076092720031738,	80.0,	20.0,	23.15,	22.93,	23.0,	23.0
12.083129644393921,	80.0,	20.0,	23.15,	22.9,	23.0,	23.0
13.094021797180176,	80.0,	20.0,	23.15,	22.83,	23.0,	23.0
14.096100568771362,	80.0,	20.0,	23.19,	22.9,	23.0,	23.0
15.104194641113281,	80.0,	20.0,	23.41,	22.93,	23.0,	23.0
16.114694118499756,	80.0,	20.0,	23.48,	22.93,	23.0,	23.0
17.119590044021606,	80.0,	20.0,	23.54,	22.93,	23.0,	23.0
18.12439227104187,	80.0,	20.0,	23.8,	22.96,	23.0,	23.0
19.12956976890564,	80.0,	20.0,	23.86,	22.9,	23.0,	23.0
20.1350679397583,	80.0,	20.0,	24.12,	23.09,	23.0,	23.0
21.141515254974365,	80.0,	20.0,	24.28,	23.22,	23.0,	23.0
22.147599697113037,	80.0,	20.0,	24.44,	23.22,	23.0,	23.0
23.153595685958862,	80.0,	20.0,	24.77,	23.15,	23.0,	23.0
24.15517544746399,	80.0,	20.0,	24.96,	23.25,	23.0,	23.0
25.159578800201416,	80.0,	20.0,	25.09,	23.22,	23.0,	23.0
26.16596817970276,	80.0,	20.0,	25.41,	23.25,	23.0,	23.0
27.16712212562561,	80.0,	20.0,	25.7,	23.15,	23.0,	23.0
28.175801038742065,	80.0,	20.0,	25.73,	23.25,	23.0,	23.0
29.179636478424072,	80.0,	20.0,	26.05,	23.35,	23.0,	23.0
30.18895673751831,	80.0,	20.0,	26.38,	23.44,	23.0,	23.0
31.195126056671143,	80.0,	20.0,	26.7,	23.48,	23.0,	23.0
32.197707176208496,	80.0,	20.0,	26.86,	23.54,	23.0,	23.0
33.20716428756714,	80.0,	20.0,	27.05,	23.57,	23.0,	23.0
34.21434164047241,	80.0,	20.0,	27.34,	23.61,	23.0,	23.0
35.21660304069519,	80.0,	20.0,	27.67,	23.54,	23.0,	23.0
36.21908521652222,	80.0,	20.0,	27.99,	23.67,	23.0,	23.0
37.220362424850464,	80.0,	20.0,	28.31,	23.86,	23.0,	23.0
38.231470823287964,	80.0,	20.0,	28.63,	23.86,	23.0,	23.0
39.23609662055969,	80.0,	20.0,	28.92,	23.86,	23.0,	23.0
40.2373263835907,	80.0,	20.0,	29.28,	23.9,	23.0,	23.0
41.24445199966431,	80.0,	20.0,	29.57,	23.96,	23.0,	23.0
42.248531103134155,	80.0,	20.0,	29.92,	24.06,	23.0,	23.0
43.25619339942932,	80.0,	20.0,	30.24,	24.19,	23.0,	23.0
44.259462118148804,	80.0,	20.0,	30.57,	24.22,	23.0,	23.0
45.260109186172485,	80.0,	20.0,	30.89,	24.15,	23.0,	23.0
46.26616835594177,	80.0,	20.0,	31.18,	24.31,	23.0,	23.0
47.26985573768616,	80.0,	20.0,	31.47,	24.48,	23.0,	23.0
48.27427291870117,	80.0,	20.0,	31.57,	24.51,	23.0,	23.0
49.2789990901947,	80.0,	20.0,	31.89,	24.44,	23.0,	23.0
50.281649112701416,	80.0,	20.0,	32.21,	24.54,	23.0,	23.0
51.283531665802,	80.0,	20.0,	32.5,	24.64,	23.0,	23.0
52.29045748710632,	80.0,	20.0,	32.82,	24.77,	23.0,	23.0
53.29703140258789,	80.0,	20.0,	33.18,	24.83,	23.0,	23.0
54.302189350128174,	80.0,	20.0,	33.47,	24.86,	23.0,	23.0
55.31558847427368,	80.0,	20.0,	33.82,	24.8,	23.0,	23.0
56.32980394363403,	80.0,	20.0,	34.24,	25.06,	23.0,	23.0
57.3318088054657,	80.0,	20.0,	34.59,	25.15,	23.0,	23.0
58.33885407447815,	80.0,	20.0,	34.82,	25.09,	23.0,	23.0
59.35047793388367,	80.0,	20.0,	35.11,	25.09,	23.0,	23.0
60.360106468200684,	80.0,	20.0,	35.4,	25.41,	23.0,	23.0
61.381224393844604,	80.0,	20.0,	35.79,	25.47,	23.0,	23.0
62.405357360839844,	80.0,	20.0,	36.17,	25.41,	23.0,	23.0
63.4068558216095,	80.0,	20.0,	36.5,	25.51,	23.0,	23.0
64.40864253044128,	80.0,	20.0,	36.92,	25.7,	23.0,	23.0
65.41007161140442,	80.0,	20.0,	37.27,	25.83,	23.0,	23.0
66.41047978401184,	80.0,	20.0,	37.53,	25.83,	23.0,	23.0
67.41153168678284,	80.0,	20.0,	37.66,	25.83,	23.0,	23.0
68.41230750083923,	80.0,	20.0,	37.98,	26.05,	23.0,	23.0
69.41245794296265,	80.0,	20.0,	38.33,	26.15,	23.0,	23.0
70.41339659690857,	80.0,	20.0,	38.75,	26.15,	23.0,	23.0
71.43389201164246,	80.0,	20.0,	39.04,	26.44,	23.0,	23.0
72.4351007938385,	80.0,	20.0,	39.4,	26.38,	23.0,	23.0
73.44119787216187,	80.0,	20.0,	39.65,	26.47,	23.0,	23.0
74.44197034835815,	80.0,	20.0,	39.91,	26.57,	23.0,	23.0
75.44288301467896,	80.0,	20.0,	40.23,	26.76,	23.0,	23.0
76.44415307044983,	80.0,	20.0,	40.59,	26.8,	23.0,	23.0
77.44457030296326,	80.0,	20.0,	40.88,	26.73,	23.0,	23.0
78.44498944282532,	80.0,	20.0,	41.2,	26.99,	23.0,	23.0
79.44548749923706,	80.0,	20.0,	41.52,	27.09,	23.0,	23.0
80.44641780853271,	80.0,	20.0,	41.88,	27.12,	23.0,	23.0
81.44718647003174,	80.0,	20.0,	42.33,	27.09,	23.0,	23.0
82.44799542427063,	80.0,	20.0,	42.55,	27.38,	23.0,	23.0
83.44897270202637,	80.0,	20.0,	42.81,	27.44,	23.0,	23.0
84.4492404460907,	80.0,	20.0,	43.13,	27.44,	23.0,	23.0
85.44987773895264,	80.0,	20.0,	43.42,	27.38,	23.0,	23.0
86.45083546638489,	80.0,	20.0,	43.62,	27.73,	23.0,	23.0
87.45141196250916,	80.0,	20.0,	43.91,	27.76,	23.0,	23.0
88.46626019477844,	80.0,	20.0,	44.26,	27.86,	23.0,	23.0
89.48147583007812,	80.0,	20.0,	44.62,	27.96,	23.0,	23.0
90.48492574691772,	80.0,	20.0,	44.91,	27.99,	23.0,	23.0
91.48584580421448,	80.0,	20.0,	45.17,	28.08,	23.0,	23.0
92.49867248535156,	80.0,	20.0,	45.39,	28.21,	23.0,	23.0
93.51156711578369,	80.0,	20.0,	45.71,	28.37,	23.0,	23.0
94.52677202224731,	80.0,	20.0,	45.94,	28.41,	23.0,	23.0
95.5273711681366,	80.0,	20.0,	46.07,	28.41,	23.0,	23.0
96.53171753883362,	80.0,	20.0,	46.36,	28.57,	23.0,	23.0
97.56200981140137,	80.0,	20.0,	46.68,	28.7,	23.0,	23.0
98.56367826461792,	80.0,	20.0,	47.0,	28.73,	23.0,	23.0
99.56759524345398,	80.0,	20.0,	47.32,	28.79,	23.0,	23.0
100.57351422309875,	80.0,	20.0,	47.45,	29.02,	23.0,	23.0
101.58338451385498,	80.0,	20.0,	47.65,	29.05,	23.0,	23.0
102.59671306610107,	80.0,	20.0,	47.97,	28.96,	23.0,	23.0
103.60066676139832,	80.0,	20.0,	48.26,	29.18,	23.0,	23.0
104.60243225097656,	80.0,	20.0,	48.39,	29.37,	23.0,	23.0
105.61304426193237,	80.0,	20.0,	48.71,	29.37,	23.0,	23.0
106.61827325820923,	80.0,	20.0,	48.94,	29.57,	23.0,	23.0
107.62144541740417,	80.0,	20.0,	49.26,	29.7,	23.0,	23.0
108.62719202041626,	80.0,	20.0,	49.58,	29.7,	23.0,	23.0
109.63148331642151,	80.0,	20.0,	49.84,	29.99,	23.0,	23.0
110.63634610176086,	80.0,	20.0,	50.03,	29.92,	23.0,	23.0
111.64174818992615,	80.0,	20.0,	50.22,	30.02,	23.0,	23.0
112.64505124092102,	80.0,	20.0,	50.55,	30.28,	23.0,	23.0
113.64966082572937,	80.0,	20.0,	50.87,	30.34,	23.0,	23.0
114.651864528656,	80.0,	20.0,	51.03,	30.24,	23.0,	23.0
115.65258884429932,	80.0,	20.0,	51.26,	30.41,	23.0,	23.0
116.66426610946655,	80.0,	20.0,	51.51,	30.63,	23.0,	23.0
117.67163968086243,	80.0,	20.0,	51.8,	30.66,	23.0,	23.0
118.67944478988647,	80.0,	20.0,	52.09,	30.66,	23.0,	23.0
119.69669890403748,	80.0,	20.0,	52.25,	30.79,	23.0,	23.0
120.69838380813599,	40.0,	20.0,	52.48,	30.99,	23.0,	23.0
121.70345640182495,	40.0,	20.0,	52.77,	30.99,	23.0,	23.0
122.70985126495361,	40.0,	20.0,	52.96,	31.02,	23.0,	23.0
123.7160964012146,	40.0,	20.0,	53.16,	31.11,	23.0,	23.0
124.72029089927673,	40.0,	20.0,	53.45,	31.31,	23.0,	23.0
125.7212028503418,	40.0,	20.0,	53.58,	31.31,	23.0,	23.0
126.73187923431396,	40.0,	20.0,	53.77,	31.47,	23.0,	23.0
127.73614311218262,	40.0,	20.0,	54.09,	31.63,	23.0,	23.0
128.74069166183472,	40.0,	20.0,	54.25,	31.63,	23.0,	23.0
129.74454283714294,	40.0,	20.0,	54.41,	31.73,	23.0,	23.0
130.7504277229309,	40.0,	50.0,	54.7,	31.92,	23.0,	23.0
131.75538802146912,	40.0,	50.0,	54.74,	31.86,	23.0,	23.0
132.75844430923462,	40.0,	50.0,	55.03,	32.24,	23.0,	23.0
133.76510095596313,	40.0,	50.0,	55.06,	32.34,	23.0,	23.0
134.76650857925415,	40.0,	50.0,	55.28,	32.47,	23.0,	23.0
135.76796197891235,	40.0,	50.0,	55.41,	32.44,	23.0,	23.0
136.77595615386963,	40.0,	50.0,	55.41,	32.69,	23.0,	23.0
137.78411841392517,	40.0,	50.0,	55.67,	32.69,	23.0,	23.0
138.78719401359558,	40.0,	50.0,	55.7,	32.79,	23.0,	23.0
139.79312372207642,	40.0,	50.0,	55.74,	33.02,	23.0,	23.0
140.79668498039246,	40.0,	50.0,	55.86,	33.02,	23.0,	23.0
141.80157828330994,	40.0,	50.0,	56.03,	33.24,	23.0,	23.0
142.8059961795807,	40.0,	50.0,	56.06,	33.34,	23.0,	23.0
143.81542706489563,	40.0,	50.0,	56.12,	33.43,	23.0,	23.0
144.82782530784607,	40.0,	50.0,	56.35,	33.66,	23.0,	23.0
145.8378837108612,	40.0,	50.0,	56.35,	33.76,	23.0,	23.0
146.84409308433533,	40.0,	50.0,	56.35,	33.82,	23.0,	23.0
147.84949159622192,	40.0,	50.0,	56.48,	34.08,	23.0,	23.0
148.85335183143616,	40.0,	50.0,	56.64,	34.21,	23.0,	23.0
149.85865449905396,	40.0,	50.0,	56.67,	34.21,	23.0,	23.0
150.8617811203003,	40.0,	50.0,	56.67,	34.43,	23.0,	23.0
151.8647940158844,	40.0,	50.0,	56.7,	34.63,	23.0,	23.0
152.86822295188904,	40.0,	50.0,	56.77,	34.69,	23.0,	23.0
153.88718056678772,	40.0,	50.0,	56.93,	34.76,	23.0,	23.0
154.8885760307312,	40.0,	50.0,	56.9,	34.76,	23.0,	23.0
155.91587591171265,	40.0,	50.0,	56.96,	35.27,	23.0,	23.0
156.9194574356079,	40.0,	50.0,	56.9,	35.17,	23.0,	23.0
157.92296242713928,	40.0,	50.0,	56.93,	35.37,	23.0,	23.0
158.92452263832092,	40.0,	50.0,	56.99,	35.59,	23.0,	23.0
159.9261417388916,	40.0,	50.0,	56.93,	35.69,	23.0,	23.0
160.92824172973633,	40.0,	50.0,	56.96,	35.79,	23.0,	23.0
161.93385553359985,	40.0,	50.0,	56.99,	35.92,	23.0,	23.0
162.93559288978577,	40.0,	50.0,	56.99,	36.01,	23.0,	23.0
163.93660950660706,	40.0,	50.0,	56.99,	36.21,	23.0,	23.0
164.938006401062,	40.0,	50.0,	56.99,	36.14,	23.0,	23.0
165.94142055511475,	40.0,	50.0,	56.99,	36.33,	23.0,	23.0
166.94319367408752,	40.0,	50.0,	56.99,	36.37,	23.0,	23.0
167.94467687606812,	40.0,	50.0,	56.99,	36.69,	23.0,	23.0
168.95960426330566,	40.0,	50.0,	56.99,	36.82,	23.0,	23.0
169.96065068244934,	40.0,	50.0,	56.99,	36.79,	23.0,	23.0
170.96381306648254,	40.0,	50.0,	56.99,	36.88,	23.0,	23.0
171.97570180892944,	40.0,	50.0,	56.99,	37.27,	23.0,	23.0
172.98385381698608,	40.0,	50.0,	56.99,	37.3,	23.0,	23.0
173.98471188545227,	40.0,	50.0,	56.99,	37.56,	23.0,	23.0
174.98676133155823,	40.0,	50.0,	56.99,	37.53,	23.0,	23.0
175.99281454086304,	40.0,	50.0,	56.99,	37.43,	23.0,	23.0
177.001047372818,	40.0,	50.0,	57.02,	37.79,	23.0,	23.0
178.0065245628357,	40.0,	50.0,	57.06,	37.75,	23.0,	23.0
179.01014065742493,	40.0,	50.0,	57.19,	37.85,	23.0,	23.0
180.01854634284973,	40.0,	50.0,	57.28,	38.04,	23.0,	23.0
181.03279733657837,	40.0,	50.0,	57.25,	38.27,	23.0,	23.0
182.03801012039185,	40.0,	50.0,	57.22,	38.08,	23.0,	23.0
183.0449504852295,	40.0,	50.0,	57.15,	38.24,	23.0,	23.0
184.05954480171204,	40.0,	50.0,	57.15,	38.46,	23.0,	23.0
185.06673908233643,	40.0,	50.0,	57.22,	38.49,	23.0,	23.0
186.06831669807434,	40.0,	50.0,	57.31,	38.69,	23.0,	23.0
187.08162641525269,	40.0,	50.0,	57.15,	38.91,	23.0,	23.0
188.09868741035461,	40.0,	50.0,	57.09,	38.72,	23.0,	23.0
189.10258555412292,	40.0,	50.0,	57.06,	38.88,	23.0,	23.0
190.10509848594666,	40.0,	50.0,	57.06,	39.24,	23.0,	23.0
191.1057505607605,	40.0,	50.0,	56.99,	39.04,	23.0,	23.0
192.10694551467896,	40.0,	50.0,	56.99,	39.24,	23.0,	23.0
193.1080858707428,	40.0,	50.0,	56.99,	39.46,	23.0,	23.0
194.1085057258606,	40.0,	50.0,	56.99,	39.56,	23.0,	23.0
195.10961198806763,	40.0,	50.0,	57.06,	39.75,	23.0,	23.0
196.12467002868652,	40.0,	50.0,	57.09,	39.78,	23.0,	23.0
197.14741277694702,	40.0,	50.0,	57.19,	39.94,	23.0,	23.0
198.15883994102478,	40.0,	50.0,	57.12,	40.01,	23.0,	23.0
199.17146492004395,	40.0,	50.0,	57.15,	40.11,	23.0,	23.0
200.19440340995789,	40.0,	50.0,	57.09,	40.3,	23.0,	23.0
201.1973798274994,	40.0,	50.0,	57.06,	40.43,	23.0,	23.0
202.20013999938965,	40.0,	50.0,	57.09,	40.33,	23.0,	23.0
203.2058162689209,	40.0,	50.0,	57.19,	40.49,	23.0,	23.0
204.21167826652527,	40.0,	50.0,	57.15,	40.85,	23.0,	23.0
205.21806502342224,	40.0,	50.0,	57.06,	40.75,	23.0,	23.0
206.22042798995972,	40.0,	50.0,	57.09,	40.81,	23.0,	23.0
207.22205567359924,	40.0,	50.0,	57.15,	41.14,	23.0,	23.0
208.23313689231873,	40.0,	50.0,	57.19,	41.07,	23.0,	23.0
209.23749995231628,	40.0,	50.0,	57.15,	41.2,	23.0,	23.0
210.24124598503113,	40.0,	50.0,	57.12,	41.39,	23.0,	23.0
211.2471625804901,	40.0,	50.0,	57.09,	41.39,	23.0,	23.0
212.25321698188782,	40.0,	50.0,	56.99,	41.49,	23.0,	23.0
213.26102495193481,	40.0,	50.0,	56.99,	41.36,	23.0,	23.0
214.2671070098877,	40.0,	50.0,	56.99,	41.72,	23.0,	23.0
215.28058886528015,	40.0,	50.0,	56.99,	41.72,	23.0,	23.0
216.2821822166443,	40.0,	50.0,	56.99,	41.97,	23.0,	23.0
217.2872395515442,	40.0,	50.0,	56.99,	41.94,	23.0,	23.0
218.2934911251068,	40.0,	50.0,	56.99,	42.14,	23.0,	23.0
219.29701280593872,	40.0,	50.0,	57.02,	42.2,	23.0,	23.0
220.30172777175903,	40.0,	50.0,	56.99,	42.33,	23.0,	23.0
221.3049874305725,	40.0,	50.0,	56.99,	42.26,	23.0,	23.0
222.3148512840271,	40.0,	50.0,	56.99,	42.52,	23.0,	23.0
223.31645965576172,	40.0,	50.0,	56.99,	42.62,	23.0,	23.0
224.32541012763977,	40.0,	50.0,	56.99,	42.59,	23.0,	23.0
225.33961296081543,	40.0,	50.0,	56.99,	42.81,	23.0,	23.0
226.3515887260437,	40.0,	50.0,	56.99,	42.84,	23.0,	23.0
227.35554790496826,	40.0,	50.0,	57.02,	43.01,	23.0,	23.0
228.35883736610413,	40.0,	50.0,	56.99,	43.01,	23.0,	23.0
229.35984468460083,	40.0,	50.0,	56.99,	43.01,	23.0,	23.0
230.36286067962646,	40.0,	50.0,	56.99,	43.17,	23.0,	23.0
231.36990213394165,	40.0,	50.0,	56.99,	43.33,	23.0,	23.0
232.37115263938904,	40.0,	50.0,	56.99,	43.42,	23.0,	23.0
233.37880516052246,	40.0,	50.0,	56.99,	43.33,	23.0,	23.0
234.37902355194092,	40.0,	50.0,	56.99,	43.75,	23.0,	23.0
235.38654375076294,	40.0,	50.0,	56.99,	43.65,	23.0,	23.0
236.39008259773254,	40.0,	50.0,	56.99,	43.55,	23.0,	23.0
237.39440655708313,	40.0,	50.0,	56.99,	43.88,	23.0,	23.0
238.39541935920715,	40.0,	50.0,	56.99,	43.97,	23.0,	23.0
239.39749550819397,	40.0,	50.0,	56.99,	43.97,	23.0,	23.0
240.40256023406982,	40.0,	50.0,	56.99,	43.84,	23.0,	23.0
241.40451002120972,	40.0,	50.0,	56.99,	44.2,	23.0,	23.0
242.40570998191833,	40.0,	50.0,	56.99,	44.1,	23.0,	23.0
243.40704679489136,	40.0,	50.0,	56.99,	44.42,	23.0,	23.0
244.40817499160767,	40.0,	50.0,	56.99,	44.39,	23.0,	23.0
245.40865397453308,	40.0,	50.0,	56.99,	44.71,	23.0,	23.0
246.4093370437622,	40.0,	50.0,	56.99,	44.62,	23.0,	23.0
247.410395860672,	40.0,	50.0,	56.99,	44.71,	23.0,	23.0
248.41118144989014,	40.0,	50.0,	56.99,	44.58,	23.0,	23.0
249.41190814971924,	40.0,	50.0,	56.99,	44.81,	23.0,	23.0
250.41257619857788,	40.0,	50.0,	56.99,	45.04,	23.0,	23.0
251.41806149482727,	40.0,	30.0,	57.02,	44.94,	23.0,	23.0
252.4185028076172,	40.0,	30.0,	56.99,	44.97,	23.0,	23.0
253.41948628425598,	40.0,	30.0,	57.12,	45.26,	23.0,	23.0
254.42044925689697,	40.0,	30.0,	57.09,	45.17,	23.0,	23.0
255.4357464313507,	40.0,	30.0,	57.09,	45.17,	23.0,	23.0
256.4374358654022,	40.0,	30.0,	57.02,	45.26,	23.0,	23.0
257.4384391307831,	40.0,	30.0,	57.06,	45.2,	23.0,	23.0
258.44814229011536,	40.0,	30.0,	57.06,	45.26,	23.0,	23.0
259.4488558769226,	40.0,	30.0,	57.02,	45.39,	23.0,	23.0
260.4500696659088,	40.0,	30.0,	57.02,	45.58,	23.0,	23.0
261.4584605693817,	40.0,	30.0,	57.22,	45.49,	23.0,	23.0
262.46023988723755,	40.0,	30.0,	57.25,	45.62,	23.0,	23.0
263.46066975593567,	40.0,	30.0,	57.22,	45.68,	23.0,	23.0
264.4689431190491,	40.0,	30.0,	57.28,	45.91,	23.0,	23.0
265.48201990127563,	40.0,	30.0,	57.28,	45.81,	23.0,	23.0
266.48601937294006,	40.0,	30.0,	57.31,	45.81,	23.0,	23.0
267.514643907547,	40.0,	30.0,	57.31,	45.87,	23.0,	23.0
268.517874956131,	40.0,	30.0,	57.31,	46.0,	23.0,	23.0
269.52159428596497,	40.0,	30.0,	57.31,	46.1,	23.0,	23.0
270.5255162715912,	40.0,	30.0,	57.31,	46.13,	23.0,	23.0
271.53098320961,	40.0,	30.0,	57.31,	46.13,	23.0,	23.0
272.5320782661438,	40.0,	30.0,	57.28,	46.23,	23.0,	23.0
273.53839898109436,	40.0,	30.0,	57.31,	46.13,	23.0,	23.0
274.54267978668213,	40.0,	30.0,	57.31,	46.04,	23.0,	23.0
275.54690527915955,	40.0,	30.0,	57.31,	46.04,	23.0,	23.0
276.551203250885,	40.0,	30.0,	57.31,	46.13,	23.0,	23.0
277.55451679229736,	40.0,	30.0,	57.31,	46.2,	23.0,	23.0
278.55756759643555,	40.0,	30.0,	57.35,	46.23,	23.0,	23.0
279.5607976913452,	40.0,	30.0,	57.31,	46.04,	23.0,	23.0
280.5628180503845,	40.0,	30.0,	57.31,	46.13,	23.0,	23.0
281.56496715545654,	40.0,	30.0,	57.41,	46.23,	23.0,	23.0
282.57865858078003,	40.0,	30.0,	57.44,	46.13,	23.0,	23.0
283.57970809936523,	40.0,	30.0,	57.48,	46.13,	23.0,	23.0
284.5803699493408,	40.0,	30.0,	57.64,	46.16,	23.0,	23.0
285.5822033882141,	40.0,	30.0,	57.51,	46.13,	23.0,	23.0
286.58302307128906,	40.0,	30.0,	57.57,	46.13,	23.0,	23.0
287.58578658103943,	40.0,	30.0,	57.64,	46.23,	23.0,	23.0
288.588369846344,	40.0,	30.0,	57.57,	46.13,	23.0,	23.0
289.59346079826355,	40.0,	30.0,	57.64,	46.13,	23.0,	23.0
290.59607696533203,	40.0,	30.0,	57.64,	46.13,	23.0,	23.0
291.5981242656708,	40.0,	30.0,	57.64,	46.16,	23.0,	23.0
292.60029220581055,	40.0,	30.0,	57.64,	46.23,	23.0,	23.0
293.60440397262573,	40.0,	30.0,	57.64,	46.04,	23.0,	23.0
294.60946393013,	40.0,	30.0,	57.67,	46.13,	23.0,	23.0
295.6139028072357,	40.0,	30.0,	57.7,	46.23,	23.0,	23.0
296.617062330246,	40.0,	30.0,	57.67,	46.23,	23.0,	23.0
297.6215589046478,	40.0,	30.0,	57.73,	46.42,	23.0,	23.0
298.6335520744324,	40.0,	30.0,	57.8,	46.39,	23.0,	23.0
299.6599771976471,	40.0,	30.0,	57.86,	46.45,	23.0,	23.0
300.68629789352417,	40.0,	30.0,	57.8,	46.52,	23.0,	23.0
301.6873896121979,	40.0,	30.0,	57.8,	46.45,	23.0,	23.0
302.6999011039734,	40.0,	30.0,	57.93,	46.55,	23.0,	23.0
303.71285939216614,	40.0,	30.0,	57.8,	46.45,	23.0,	23.0
304.7161228656769,	40.0,	30.0,	57.73,	46.45,	23.0,	23.0
305.7175269126892,	40.0,	30.0,	57.77,	46.55,	23.0,	23.0
306.71970987319946,	40.0,	30.0,	57.83,	46.45,	23.0,	23.0
307.7208499908447,	40.0,	30.0,	57.86,	46.45,	23.0,	23.0
308.72671389579773,	40.0,	30.0,	57.73,	46.45,	23.0,	23.0
309.7308702468872,	40.0,	30.0,	57.73,	46.45,	23.0,	23.0
310.7380175590515,	40.0,	30.0,	57.77,	46.45,	23.0,	23.0
311.73907470703125,	40.0,	30.0,	57.73,	46.45,	23.0,	23.0
312.74835324287415,	40.0,	30.0,	57.8,	46.45,	23.0,	23.0
313.76056265830994,	40.0,	30.0,	57.89,	46.45,	23.0,	23.0
314.77400493621826,	40.0,	30.0,	57.93,	46.36,	23.0,	23.0
315.7753858566284,	40.0,	30.0,	57.96,	46.45,	23.0,	23.0
316.7813124656677,	40.0,	30.0,	57.93,	46.45,	23.0,	23.0
317.79356837272644,	40.0,	30.0,	57.96,	46.45,	23.0,	23.0
318.7956371307373,	40.0,	30.0,	57.93,	46.45,	23.0,	23.0
319.8025302886963,	40.0,	30.0,	57.96,	46.55,	23.0,	23.0
320.8311650753021,	40.0,	30.0,	57.96,	46.45,	23.0,	23.0
321.83680486679077,	40.0,	30.0,	57.96,	46.45,	23.0,	23.0
322.8400309085846,	40.0,	30.0,	57.89,	46.45,	23.0,	23.0
323.84603214263916,	40.0,	30.0,	57.86,	46.45,	23.0,	23.0
324.8520987033844,	40.0,	30.0,	57.8,	46.36,	23.0,	23.0
325.8570683002472,	40.0,	30.0,	57.86,	46.45,	23.0,	23.0
326.85915350914,	40.0,	30.0,	57.7,	46.45,	23.0,	23.0
327.86684489250183,	40.0,	30.0,	57.64,	46.45,	23.0,	23.0
328.8684344291687,	40.0,	30.0,	57.64,	46.36,	23.0,	23.0
329.87265253067017,	40.0,	30.0,	57.64,	46.36,	23.0,	23.0
330.87689661979675,	40.0,	30.0,	57.64,	46.36,	23.0,	23.0
331.87998056411743,	40.0,	30.0,	57.64,	46.45,	23.0,	23.0
332.88180589675903,	40.0,	30.0,	57.64,	46.45,	23.0,	23.0
333.8877229690552,	40.0,	30.0,	57.64,	46.45,	23.0,	23.0
334.8940589427948,	40.0,	30.0,	57.64,	46.36,	23.0,	23.0
335.8966705799103,	40.0,	30.0,	57.64,	46.45,	23.0,	23.0
336.901239156723,	40.0,	30.0,	57.64,	46.36,	23.0,	23.0
337.91341519355774,	40.0,	30.0,	57.64,	46.45,	23.0,	23.0
338.916565656662,	40.0,	30.0,	57.64,	46.45,	23.0,	23.0
339.9190561771393,	40.0,	30.0,	57.64,	46.49,	23.0,	23.0
340.9203736782074,	40.0,	30.0,	57.64,	46.45,	23.0,	23.0
341.92127203941345,	40.0,	30.0,	57.64,	46.45,	23.0,	23.0
342.921706199646,	40.0,	30.0,	57.64,	46.58,	23.0,	23.0
343.9345338344574,	40.0,	30.0,	57.64,	46.55,	23.0,	23.0
344.9382176399231,	40.0,	30.0,	57.64,	46.49,	23.0,	23.0
345.9392023086548,	40.0,	30.0,	57.64,	46.52,	23.0,	23.0
346.94086265563965,	40.0,	30.0,	57.64,	46.68,	23.0,	23.0
347.9423885345459,	40.0,	30.0,	57.64,	46.65,	23.0,	23.0
348.9434139728546,	40.0,	30.0,	57.64,	46.62,	23.0,	23.0
349.96474409103394,	40.0,	30.0,	57.64,	46.81,	23.0,	23.0
350.9712014198303,	40.0,	30.0,	57.64,	46.62,	23.0,	23.0
351.97648882865906,	40.0,	30.0,	57.64,	46.68,	23.0,	23.0
352.98016810417175,	40.0,	30.0,	57.64,	46.84,	23.0,	23.0
353.98514199256897,	40.0,	30.0,	57.64,	46.84,	23.0,	23.0
354.99075627326965,	40.0,	30.0,	57.64,	46.78,	23.0,	23.0
355.99681401252747,	40.0,	30.0,	57.64,	46.78,	23.0,	23.0
357.003155708313,	40.0,	30.0,	57.64,	46.78,	23.0,	23.0
358.0061047077179,	40.0,	30.0,	57.64,	46.78,	23.0,	23.0
359.0128798484802,	40.0,	30.0,	57.64,	46.78,	23.0,	23.0
360.01569533348083,	40.0,	30.0,	57.64,	46.68,	23.0,	23.0
361.02046608924866,	40.0,	30.0,	57.64,	46.78,	23.0,	23.0
362.02610540390015,	0.0,	30.0,	57.57,	46.87,	23.0,	23.0
363.0330924987793,	0.0,	30.0,	57.54,	46.62,	23.0,	23.0
364.0365674495697,	0.0,	30.0,	57.57,	46.84,	23.0,	23.0
365.03772735595703,	0.0,	30.0,	57.6,	46.68,	23.0,	23.0
366.04709911346436,	0.0,	30.0,	57.51,	46.78,	23.0,	23.0
367.05285835266113,	0.0,	30.0,	57.48,	46.78,	23.0,	23.0
368.0594210624695,	0.0,	30.0,	57.38,	46.78,	23.0,	23.0
369.0661528110504,	0.0,	30.0,	57.35,	46.78,	23.0,	23.0
370.0689480304718,	0.0,	30.0,	57.31,	46.78,	23.0,	23.0
371.0734169483185,	0.0,	30.0,	57.31,	46.87,	23.0,	23.0
372.07728576660156,	0.0,	30.0,	57.28,	46.87,	23.0,	23.0
373.0850474834442,	0.0,	30.0,	57.15,	46.87,	23.0,	23.0
374.08883357048035,	0.0,	30.0,	57.06,	46.87,	23.0,	23.0
375.09683656692505,	0.0,	30.0,	56.99,	46.78,	23.0,	23.0
376.09840536117554,	0.0,	30.0,	56.96,	46.68,	23.0,	23.0
377.10265350341797,	0.0,	30.0,	56.83,	46.87,	23.0,	23.0
378.1069025993347,	0.0,	30.0,	56.67,	46.68,	23.0,	23.0
379.11051177978516,	0.0,	30.0,	56.67,	46.78,	23.0,	23.0
380.1115164756775,	0.0,	30.0,	56.51,	46.78,	23.0,	23.0
381.1164321899414,	0.0,	30.0,	56.35,	46.78,	23.0,	23.0
382.12190794944763,	0.0,	0.0,	56.35,	46.84,	23.0,	23.0
383.12941813468933,	0.0,	0.0,	56.12,	46.68,	23.0,	23.0
384.1314654350281,	0.0,	0.0,	56.03,	46.68,	23.0,	23.0
385.1371304988861,	0.0,	0.0,	55.93,	46.68,	23.0,	23.0
386.1407027244568,	0.0,	0.0,	55.7,	46.68,	23.0,	23.0
387.14674067497253,	0.0,	0.0,	55.7,	46.55,	23.0,	23.0
388.14703154563904,	0.0,	0.0,	55.38,	46.52,	23.0,	23.0
389.14779448509216,	0.0,	0.0,	55.38,	46.45,	23.0,	23.0
390.1495900154114,	0.0,	0.0,	55.19,	46.45,	23.0,	23.0
391.1505637168884,	0.0,	0.0,	55.06,	46.39,	23.0,	23.0
392.15182876586914,	0.0,	0.0,	54.99,	46.36,	23.0,	23.0
393.15206241607666,	0.0,	0.0,	54.74,	46.36,	23.0,	23.0
394.1560559272766,	0.0,	0.0,	54.74,	46.36,	23.0,	23.0
395.16082549095154,	0.0,	0.0,	54.41,	46.36,	23.0,	23.0
396.165376663208,	0.0,	0.0,	54.41,	46.36,	23.0,	23.0
397.1662817001343,	0.0,	0.0,	54.22,	46.36,	23.0,	23.0
398.1681411266327,	0.0,	0.0,	54.09,	46.36,	23.0,	23.0
399.1705741882324,	0.0,	0.0,	53.87,	46.33,	23.0,	23.0
400.17201566696167,	0.0,	0.0,	53.77,	46.04,	23.0,	23.0
401.19680094718933,	0.0,	0.0,	53.64,	46.04,	23.0,	23.0
402.1984567642212,	0.0,	0.0,	53.45,	46.04,	23.0,	23.0
403.21394634246826,	0.0,	0.0,	53.19,	46.04,	23.0,	23.0
404.219518661499,	0.0,	0.0,	53.13,	46.0,	23.0,	23.0
405.2361261844635,	0.0,	0.0,	53.03,	45.81,	23.0,	23.0
406.2436661720276,	0.0,	0.0,	52.8,	45.75,	23.0,	23.0
407.25097036361694,	0.0,	0.0,	52.77,	45.71,	23.0,	23.0
408.2652826309204,	0.0,	0.0,	52.48,	45.71,	23.0,	23.0
409.2657639980316,	0.0,	0.0,	52.35,	45.68,	23.0,	23.0
410.2732632160187,	0.0,	0.0,	52.16,	45.52,	23.0,	23.0
411.2777922153473,	0.0,	0.0,	52.03,	45.42,	23.0,	23.0
412.2815029621124,	0.0,	0.0,	51.84,	45.39,	23.0,	23.0
413.30230140686035,	0.0,	0.0,	51.74,	45.39,	23.0,	23.0
414.30672311782837,	0.0,	0.0,	51.51,	45.36,	23.0,	23.0
415.3126504421234,	0.0,	0.0,	51.42,	45.1,	23.0,	23.0
416.3143346309662,	0.0,	0.0,	51.19,	45.07,	23.0,	23.0
417.34235310554504,	0.0,	0.0,	51.06,	45.07,	23.0,	23.0
418.34899067878723,	0.0,	0.0,	50.87,	44.97,	23.0,	23.0
419.34974241256714,	0.0,	0.0,	50.84,	44.81,	23.0,	23.0
420.36148977279663,	0.0,	0.0,	50.55,	44.75,	23.0,	23.0
421.3661663532257,	0.0,	0.0,	50.55,	44.75,	23.0,	23.0
422.37023663520813,	60.0,	0.0,	50.22,	44.75,	23.0,	23.0
423.3768825531006,	60.0,	0.0,	50.22,	44.62,	23.0,	23.0
424.37903094291687,	60.0,	0.0,	49.93,	44.42,	23.0,	23.0
425.3841550350189,	60.0,	0.0,	49.87,	44.42,	23.0,	23.0
426.3904139995575,	60.0,	0.0,	49.61,	44.42,	23.0,	23.0
427.39204001426697,	60.0,	0.0,	49.58,	44.17,	23.0,	23.0
428.3999969959259,	60.0,	0.0,	49.39,	44.1,	23.0,	23.0
429.4006915092468,	60.0,	0.0,	49.26,	44.1,	23.0,	23.0
430.4015357494354,	60.0,	0.0,	49.26,	44.07,	23.0,	23.0
431.40298771858215,	60.0,	0.0,	49.03,	43.91,	23.0,	23.0
432.4036796092987,	60.0,	0.0,	49.0,	43.78,	23.0,	23.0
433.40489983558655,	60.0,	0.0,	48.94,	43.78,	23.0,	23.0
434.4058952331543,	60.0,	0.0,	48.94,	43.71,	23.0,	23.0
435.406462430954,	60.0,	0.0,	48.94,	43.52,	23.0,	23.0
436.40786504745483,	60.0,	0.0,	48.87,	43.46,	23.0,	23.0
437.40912556648254,	60.0,	0.0,	48.74,	43.36,	23.0,	23.0
438.41012835502625,	60.0,	0.0,	48.71,	43.2,	23.0,	23.0
439.41154623031616,	60.0,	0.0,	48.61,	43.13,	23.0,	23.0
440.4126670360565,	60.0,	0.0,	48.65,	43.13,	23.0,	23.0
441.4137444496155,	60.0,	0.0,	48.71,	43.07,	23.0,	23.0
442.4148769378662,	60.0,	0.0,	48.74,	42.81,	23.0,	23.0
443.41591453552246,	60.0,	0.0,	48.74,	42.81,	23.0,	23.0
444.4169099330902,	60.0,	0.0,	48.94,	42.81,	23.0,	23.0
445.41824293136597,	60.0,	0.0,	48.9,	42.75,	23.0,	23.0
446.41935181617737,	60.0,	0.0,	48.94,	42.62,	23.0,	23.0
447.4209039211273,	60.0,	0.0,	48.94,	42.49,	23.0,	23.0
448.422404050827,	60.0,	0.0,	48.94,	42.49,	23.0,	23.0
449.42310428619385,	60.0,	0.0,	49.03,	42.46,	23.0,	23.0
450.43410539627075,	60.0,	0.0,	49.26,	42.3,	23.0,	23.0
451.43562602996826,	60.0,	0.0,	49.26,	42.17,	23.0,	23.0
452.4366452693939,	60.0,	0.0,	49.29,	42.17,	23.0,	23.0
453.4377770423889,	60.0,	0.0,	49.35,	42.17,	23.0,	23.0
454.438853263855,	60.0,	0.0,	49.58,	42.17,	23.0,	23.0
455.440545797348,	60.0,	0.0,	49.58,	41.97,	23.0,	23.0
456.4417812824249,	60.0,	0.0,	49.58,	41.91,	23.0,	23.0
457.44273710250854,	60.0,	0.0,	49.81,	41.85,	23.0,	23.0
458.44375109672546,	60.0,	0.0,	49.9,	41.85,	23.0,	23.0
459.444091796875,	60.0,	0.0,	49.9,	41.81,	23.0,	23.0
460.4454712867737,	60.0,	0.0,	49.97,	41.72,	23.0,	23.0
461.44570207595825,	60.0,	0.0,	50.22,	41.59,	23.0,	23.0
462.44701170921326,	60.0,	0.0,	50.22,	41.52,	23.0,	23.0
463.44890666007996,	60.0,	0.0,	50.26,	41.52,	23.0,	23.0
464.4495327472687,	60.0,	0.0,	50.55,	41.49,	23.0,	23.0
465.4502966403961,	60.0,	0.0,	50.55,	41.52,	23.0,	23.0
466.45130372047424,	60.0,	0.0,	50.58,	41.27,	23.0,	23.0
467.45200538635254,	60.0,	0.0,	50.8,	41.23,	23.0,	23.0
468.46433210372925,	60.0,	0.0,	50.87,	41.2,	23.0,	23.0
469.4947900772095,	60.0,	0.0,	50.93,	41.2,	23.0,	23.0
470.4986798763275,	60.0,	0.0,	51.19,	41.2,	23.0,	23.0
471.50228095054626,	60.0,	0.0,	51.19,	41.14,	23.0,	23.0
472.5187609195709,	60.0,	0.0,	51.48,	41.07,	23.0,	23.0
473.52628993988037,	60.0,	0.0,	51.51,	40.94,	23.0,	23.0
474.528156042099,	60.0,	0.0,	51.51,	40.88,	23.0,	23.0
475.52971386909485,	60.0,	0.0,	51.74,	40.88,	23.0,	23.0
476.5546221733093,	60.0,	0.0,	51.84,	40.88,	23.0,	23.0
477.55791187286377,	60.0,	0.0,	51.87,	40.88,	23.0,	23.0
478.5630304813385,	60.0,	0.0,	52.06,	40.85,	23.0,	23.0
479.5678791999817,	60.0,	0.0,	52.16,	40.72,	23.0,	23.0
480.57212686538696,	60.0,	0.0,	52.16,	40.56,	23.0,	23.0
481.57598066329956,	60.0,	0.0,	52.35,	40.56,	23.0,	23.0
482.5820496082306,	60.0,	0.0,	52.48,	40.56,	23.0,	23.0
483.5876693725586,	60.0,	0.0,	52.51,	40.56,	23.0,	23.0
484.5965597629547,	60.0,	0.0,	52.8,	40.56,	23.0,	23.0
485.5976951122284,	60.0,	0.0,	52.8,	40.49,	23.0,	23.0
486.59912061691284,	60.0,	0.0,	52.87,	40.46,	23.0,	23.0
487.6011927127838,	60.0,	0.0,	53.06,	40.27,	23.0,	23.0
488.60257148742676,	60.0,	0.0,	53.13,	40.23,	23.0,	23.0
489.60758924484253,	60.0,	0.0,	53.13,	40.23,	23.0,	23.0
490.6140534877777,	60.0,	0.0,	53.42,	40.23,	23.0,	23.0
491.61976861953735,	60.0,	0.0,	53.45,	40.23,	23.0,	23.0
492.6221206188202,	60.0,	0.0,	53.48,	40.23,	23.0,	23.0
493.62634086608887,	60.0,	0.0,	53.71,	40.23,	23.0,	23.0
494.6277599334717,	60.0,	0.0,	53.77,	40.04,	23.0,	23.0
495.6344187259674,	60.0,	0.0,	53.77,	40.14,	23.0,	23.0
496.6565852165222,	60.0,	0.0,	54.03,	39.94,	23.0,	23.0
497.65901160240173,	60.0,	0.0,	54.09,	39.94,	23.0,	23.0
498.6764659881592,	60.0,	0.0,	54.12,	39.94,	23.0,	23.0
499.68137645721436,	60.0,	0.0,	54.35,	39.91,	23.0,	23.0
500.688339471817,	60.0,	0.0,	54.41,	39.91,	23.0,	23.0
501.69690227508545,	60.0,	0.0,	54.54,	39.91,	23.0,	23.0
502.70483326911926,	0.0,	0.0,	54.74,	39.91,	23.0,	23.0
503.7081952095032,	0.0,	0.0,	54.74,	39.91,	23.0,	23.0
504.7125709056854,	0.0,	0.0,	54.77,	39.91,	23.0,	23.0
505.71518111228943,	0.0,	0.0,	55.03,	39.88,	23.0,	23.0
506.73490595817566,	0.0,	0.0,	55.06,	39.88,	23.0,	23.0
507.7390458583832,	0.0,	0.0,	55.06,	39.78,	23.0,	23.0
508.75575256347656,	0.0,	0.0,	55.28,	39.75,	23.0,	23.0
509.7652132511139,	0.0,	0.0,	55.35,	39.62,	23.0,	23.0
510.7698121070862,	0.0,	0.0,	55.38,	39.62,	23.0,	23.0
511.771409034729,	0.0,	0.0,	55.38,	39.59,	23.0,	23.0
512.7745196819305,	0.0,	0.0,	55.38,	39.59,	23.0,	23.0
513.7755997180939,	0.0,	0.0,	55.38,	39.59,	23.0,	23.0
514.7785224914551,	0.0,	0.0,	55.38,	39.59,	23.0,	23.0
515.7914183139801,	0.0,	0.0,	55.38,	39.59,	23.0,	23.0
516.7943403720856,	0.0,	0.0,	55.38,	39.59,	23.0,	23.0
517.799209356308,	0.0,	0.0,	55.25,	39.59,	23.0,	23.0
518.8051540851593,	0.0,	0.0,	55.09,	39.59,	23.0,	23.0
519.808709859848,	0.0,	0.0,	55.06,	39.59,	23.0,	23.0
520.8107664585114,	0.0,	0.0,	55.06,	39.53,	23.0,	23.0
521.814924955368,	0.0,	0.0,	55.06,	39.49,	23.0,	23.0
522.8196136951447,	0.0,	0.0,	55.06,	39.49,	23.0,	23.0
523.8276093006134,	0.0,	0.0,	54.8,	39.33,	23.0,	23.0
524.8282742500305,	0.0,	0.0,	54.74,	39.27,	23.0,	23.0
525.8349461555481,	0.0,	0.0,	54.74,	39.27,	23.0,	23.0
526.839672088623,	0.0,	0.0,	54.48,	39.27,	23.0,	23.0
527.8401091098785,	0.0,	0.0,	54.41,	39.27,	23.0,	23.0
528.8525302410126,	0.0,	0.0,	54.41,	39.27,	23.0,	23.0
529.8556673526764,	0.0,	0.0,	54.09,	39.27,	23.0,	23.0
530.8671178817749,	0.0,	0.0,	54.09,	39.27,	23.0,	23.0
531.8730456829071,	0.0,	0.0,	54.03,	39.27,	23.0,	23.0
532.8753182888031,	0.0,	0.0,	53.77,	39.27,	23.0,	23.0
533.8838582038879,	0.0,	0.0,	53.71,	39.17,	23.0,	23.0
534.8847448825836,	0.0,	0.0,	53.45,	39.07,	23.0,	23.0
535.8855192661285,	0.0,	0.0,	53.42,	39.04,	23.0,	23.0
536.8890902996063,	0.0,	0.0,	53.13,	38.98,	23.0,	23.0
537.8920240402222,	0.0,	0.0,	53.13,	38.95,	23.0,	23.0
538.9199874401093,	0.0,	0.0,	52.9,	38.95,	23.0,	23.0
539.9261293411255,	0.0,	0.0,	52.8,	38.95,	23.0,	23.0
540.9354891777039,	0.0,	0.0,	52.67,	38.95,	23.0,	23.0
541.9392900466919,	0.0,	0.0,	52.48,	38.95,	23.0,	23.0
542.9401986598969,	0.0,	0.0,	52.42,	38.95,	23.0,	23.0
543.9408841133118,	0.0,	0.0,	52.16,	38.95,	23.0,	23.0
544.9410951137543,	0.0,	0.0,	52.16,	38.91,	23.0,	23.0
545.9416747093201,	0.0,	0.0,	51.84,	38.95,	23.0,	23.0
546.9430351257324,	0.0,	0.0,	51.8,	38.85,	23.0,	23.0
547.944037437439,	0.0,	0.0,	51.51,	38.75,	23.0,	23.0
548.9698276519775,	0.0,	0.0,	51.51,	38.66,	23.0,	23.0
549.975839138031,	0.0,	0.0,	51.19,	38.66,	23.0,	23.0
550.9801950454712,	0.0,	0.0,	51.19,	38.62,	23.0,	23.0
551.9990365505219,	0.0,	0.0,	50.93,	38.62,	23.0,	23.0
553.0009188652039,	0.0,	0.0,	50.87,	38.62,	23.0,	23.0
554.0021734237671,	0.0,	0.0,	50.68,	38.62,	23.0,	23.0
555.0098621845245,	0.0,	0.0,	50.55,	38.62,	23.0,	23.0
556.0204653739929,	0.0,	0.0,	50.26,	38.62,	23.0,	23.0
557.0233783721924,	0.0,	0.0,	50.22,	38.62,	23.0,	23.0
558.0371935367584,	0.0,	0.0,	50.19,	38.53,	23.0,	23.0
559.0383768081665,	0.0,	0.0,	49.9,	38.43,	23.0,	23.0
560.0402641296387,	0.0,	0.0,	49.77,	38.3,	23.0,	23.0
561.051177740097,	0.0,	0.0,	49.58,	38.3,	23.0,	23.0
562.0552217960358,	0.0,	0.0,	49.58,	38.3,	23.0,	23.0
563.0569732189178,	0.0,	0.0,	49.26,	38.3,	23.0,	23.0
564.0579960346222,	0.0,	0.0,	49.26,	38.3,	23.0,	23.0
565.061199426651,	0.0,	0.0,	48.94,	38.27,	23.0,	23.0
566.0640864372253,	0.0,	0.0,	48.9,	38.3,	23.0,	23.0
567.0665345191956,	0.0,	0.0,	48.61,	38.14,	23.0,	23.0
568.068249464035,	0.0,	0.0,	48.58,	37.98,	23.0,	23.0
571.2333650588989,	0.0,	0.0,	48.29,	37.98,	23.0,	23.0
572.235166311264,	0.0,	0.0,	48.29,	37.98,	23.0,	23.0
573.238550901413,	0.0,	0.0,	47.97,	37.98,	23.0,	23.0
574.2428522109985,	0.0,	0.0,	47.94,	37.98,	23.0,	23.0
575.2436878681183,	0.0,	0.0,	47.68,	37.95,	23.0,	23.0
576.2450246810913,	0.0,	0.0,	47.65,	37.79,	23.0,	23.0
577.2607488632202,	0.0,	0.0,	47.45,	37.82,	23.0,	23.0
578.2615253925323,	0.0,	0.0,	47.32,	37.75,	23.0,	23.0
579.2636389732361,	0.0,	0.0,	47.29,	37.69,	23.0,	23.0
580.265219449997,	0.0,	0.0,	47.0,	37.66,	23.0,	23.0
581.266304731369,	0.0,	0.0,	47.0,	37.66,	23.0,	23.0
582.2670056819916,	0.0,	0.0,	46.71,	37.66,	23.0,	23.0
583.2844667434692,	0.0,	0.0,	46.68,	37.66,	23.0,	23.0
584.287987947464,	0.0,	0.0,	46.42,	37.66,	23.0,	23.0
585.2904493808746,	0.0,	0.0,	46.36,	37.62,	23.0,	23.0
586.3018808364868,	0.0,	0.0,	46.29,	37.66,	23.0,	23.0
587.3077373504639,	0.0,	0.0,	46.07,	37.53,	23.0,	23.0
588.3241817951202,	0.0,	0.0,	46.04,	37.33,	23.0,	23.0
589.3255095481873,	0.0,	0.0,	45.71,	37.33,	23.0,	23.0
590.327479839325,	0.0,	0.0,	45.71,	37.33,	23.0,	23.0
591.3289105892181,	0.0,	0.0,	45.52,	37.33,	23.0,	23.0
592.3298799991608,	0.0,	0.0,	45.39,	37.33,	23.0,	23.0
593.3300986289978,	0.0,	0.0,	45.33,	37.33,	23.0,	23.0
594.3311953544617,	0.0,	0.0,	45.07,	37.08,	23.0,	23.0
595.3324115276337,	0.0,	0.0,	45.07,	37.11,	23.0,	23.0
596.3471961021423,	0.0,	0.0,	44.75,	37.04,	23.0,	23.0
597.3575773239136,	0.0,	0.0,	44.75,	37.01,	23.0,	23.0
598.376983165741,	0.0,	0.0,	44.49,	37.01,	23.0,	23.0
599.3896193504333,	0.0,	0.0,	44.42,	37.01,	23.0,	23.0
600.391441822052,	0.0,	0.0,	44.42,	37.01,	23.0,	23.0
601.3948669433594,	0.0,	0.0,	44.1,	36.98,	23.0,	23.0
602.3967003822327,	0.0,	0.0,	44.1,	36.92,	23.0,	23.0
603.4008493423462,	0.0,	0.0,	43.81,	36.79,	23.0,	23.0
