0.0,	0.0,	0.0,	23.48,	23.03,	23.0,	23.0
1.0003767013549805,	0.0,	0.0,	23.48,	23.15,	23.0,	23.0
2.0022151470184326,	0.0,	0.0,	23.48,	23.09,	23.0,	23.0
3.0037434101104736,	0.0,	0.0,	23.48,	23.06,	23.0,	23.0
4.005013942718506,	0.0,	0.0,	23.48,	23.12,	23.0,	23.0
5.00618052482605,	0.0,	0.0,	23.48,	22.96,	23.0,	23.0
6.0071046352386475,	33.33333333333333,	0.0,	23.48,	22.99,	23.0,	23.0
7.0077526569366455,	33.33333333333333,	0.0,	23.44,	23.09,	23.0,	23.0
8.008810758590698,	33.33333333333333,	0.0,	23.48,	23.03,	23.0,	23.0
9.010030508041382,	33.33333333333333,	0.0,	23.48,	23.09,	23.0,	23.0
10.010945320129395,	33.33333333333333,	0.0,	23.48,	23.09,	23.0,	23.0
11.011504411697388,	33.33333333333333,	0.0,	23.48,	22.96,	23.0,	23.0
12.012430429458618,	33.33333333333333,	0.0,	23.48,	23.15,	23.0,	23.0
13.013621807098389,	33.33333333333333,	0.0,	23.48,	23.03,	23.0,	23.0
14.016484260559082,	33.33333333333333,	0.0,	23.48,	22.99,	23.0,	23.0
15.017293691635132,	33.33333333333333,	0.0,	23.48,	22.99,	23.0,	23.0
16.01846742630005,	33.33333333333333,	0.0,	23.48,	22.99,	23.0,	23.0
17.01952624320984,	33.33333333333333,	0.0,	23.54,	22.99,	23.0,	23.0
18.020801544189453,	33.33333333333333,	0.0,	23.54,	23.03,	23.0,	23.0
19.020832061767578,	33.33333333333333,	0.0,	23.77,	22.96,	23.0,	23.0
20.021504640579224,	33.33333333333333,	0.0,	23.8,	23.06,	23.0,	23.0
21.02161955833435,	33.33333333333333,	0.0,	23.8,	22.96,	23.0,	23.0
22.027639150619507,	33.33333333333333,	0.0,	23.96,	23.03,	23.0,	23.0
23.027936697006226,	33.33333333333333,	0.0,	24.02,	22.93,	23.0,	23.0
24.02900004386902,	33.33333333333333,	0.0,	24.12,	22.96,	23.0,	23.0
25.02952790260315,	33.33333333333333,	0.0,	24.12,	23.03,	23.0,	23.0
26.030429124832153,	33.33333333333333,	0.0,	24.28,	23.09,	23.0,	23.0
27.030628204345703,	33.33333333333333,	0.0,	24.44,	23.03,	23.0,	23.0
28.031087398529053,	33.33333333333333,	0.0,	24.44,	23.06,	23.0,	23.0
29.031396865844727,	33.33333333333333,	0.0,	24.51,	22.99,	23.0,	23.0
30.031776666641235,	33.33333333333333,	0.0,	24.73,	23.06,	23.0,	23.0
31.03271770477295,	33.33333333333333,	0.0,	24.77,	23.06,	23.0,	23.0
32.03652882575989,	33.33333333333333,	0.0,	24.86,	23.06,	23.0,	23.0
33.03802156448364,	33.33333333333333,	0.0,	25.09,	23.09,	23.0,	23.0
34.03876209259033,	33.33333333333333,	0.0,	25.09,	23.15,	23.0,	23.0
35.03908443450928,	33.33333333333333,	0.0,	25.25,	23.09,	23.0,	23.0
36.04034614562988,	33.33333333333333,	0.0,	25.41,	23.15,	23.0,	23.0
37.04099893569946,	33.33333333333333,	0.0,	25.44,	23.15,	23.0,	23.0
38.04195022583008,	33.33333333333333,	0.0,	25.73,	23.15,	23.0,	23.0
39.04793667793274,	33.33333333333333,	0.0,	25.73,	23.15,	23.0,	23.0
40.04859757423401,	33.33333333333333,	0.0,	25.93,	23.15,	23.0,	23.0
41.049601316452026,	33.33333333333333,	0.0,	26.05,	23.15,	23.0,	23.0
42.050541162490845,	33.33333333333333,	0.0,	26.05,	23.15,	23.0,	23.0
43.051400899887085,	33.33333333333333,	0.0,	26.31,	23.15,	23.0,	23.0
44.05282378196716,	33.33333333333333,	0.0,	26.38,	23.15,	23.0,	23.0
45.05394983291626,	33.33333333333333,	0.0,	26.41,	23.15,	23.0,	23.0
46.05540609359741,	33.33333333333333,	0.0,	26.7,	23.15,	23.0,	23.0
47.055946826934814,	33.33333333333333,	0.0,	26.7,	23.15,	23.0,	23.0
48.056700706481934,	33.33333333333333,	0.0,	26.86,	23.15,	23.0,	23.0
49.05773425102234,	33.33333333333333,	0.0,	27.02,	23.15,	23.0,	23.0
50.0591356754303,	33.33333333333333,	0.0,	27.05,	23.15,	23.0,	23.0
51.059974908828735,	33.33333333333333,	0.0,	27.31,	23.15,	23.0,	23.0
52.06084847450256,	33.33333333333333,	0.0,	27.34,	23.15,	23.0,	23.0
53.06144571304321,	33.33333333333333,	0.0,	27.38,	23.15,	23.0,	23.0
54.06193566322327,	33.33333333333333,	0.0,	27.5,	23.15,	23.0,	23.0
55.067179679870605,	33.33333333333333,	0.0,	27.67,	23.19,	23.0,	23.0
56.06832504272461,	33.33333333333333,	0.0,	27.7,	23.19,	23.0,	23.0
57.086676836013794,	33.33333333333333,	0.0,	27.99,	23.15,	23.0,	23.0
58.086756467819214,	33.33333333333333,	0.0,	27.99,	23.15,	23.0,	23.0
59.08832836151123,	33.33333333333333,	0.0,	28.21,	23.28,	23.0,	23.0
60.08899736404419,	33.33333333333333,	0.0,	28.31,	23.32,	23.0,	23.0
61.090452432632446,	33.33333333333333,	0.0,	28.31,	23.35,	23.0,	23.0
62.09170150756836,	33.33333333333333,	0.0,	28.63,	23.35,	23.0,	23.0
63.0925076007843,	33.33333333333333,	0.0,	28.63,	23.35,	23.0,	23.0
64.09403204917908,	33.33333333333333,	0.0,	28.73,	23.44,	23.0,	23.0
65.09504556655884,	33.33333333333333,	0.0,	28.96,	23.48,	23.0,	23.0
66.10676050186157,	33.33333333333333,	0.0,	28.99,	23.48,	23.0,	23.0
67.10799026489258,	33.33333333333333,	0.0,	29.21,	23.48,	23.0,	23.0
68.10899186134338,	33.33333333333333,	0.0,	29.28,	23.48,	23.0,	23.0
69.10999393463135,	33.33333333333333,	0.0,	29.34,	23.48,	23.0,	23.0
70.12041354179382,	33.33333333333333,	0.0,	29.6,	23.48,	23.0,	23.0
71.12102031707764,	33.33333333333333,	0.0,	29.6,	23.48,	23.0,	23.0
72.12238359451294,	33.33333333333333,	0.0,	29.89,	23.48,	23.0,	23.0
73.13802814483643,	33.33333333333333,	0.0,	29.92,	23.48,	23.0,	23.0
74.13970732688904,	33.33333333333333,	0.0,	29.95,	23.48,	23.0,	23.0
75.14377427101135,	33.33333333333333,	0.0,	30.24,	23.48,	23.0,	23.0
76.14470434188843,	33.33333333333333,	0.0,	30.24,	23.48,	23.0,	23.0
77.14685583114624,	33.33333333333333,	0.0,	30.37,	23.61,	23.0,	23.0
78.14782524108887,	33.33333333333333,	0.0,	30.57,	23.54,	23.0,	23.0
79.1485435962677,	33.33333333333333,	0.0,	30.57,	23.67,	23.0,	23.0
80.15030026435852,	33.33333333333333,	0.0,	30.82,	23.73,	23.0,	23.0
81.15091156959534,	33.33333333333333,	0.0,	30.89,	23.77,	23.0,	23.0
82.1520586013794,	33.33333333333333,	0.0,	30.92,	23.77,	23.0,	23.0
83.15275549888611,	33.33333333333333,	0.0,	31.18,	23.8,	23.0,	23.0
84.15376138687134,	33.33333333333333,	0.0,	31.21,	23.8,	23.0,	23.0
85.15523147583008,	33.33333333333333,	0.0,	31.34,	23.8,	23.0,	23.0
86.15612840652466,	33.33333333333333,	0.0,	31.53,	23.8,	23.0,	23.0
87.15807604789734,	33.33333333333333,	0.0,	31.53,	23.8,	23.0,	23.0
88.15889573097229,	33.33333333333333,	0.0,	31.66,	23.8,	23.0,	23.0
89.1599771976471,	33.33333333333333,	0.0,	31.82,	23.83,	23.0,	23.0
90.16059899330139,	33.33333333333333,	0.0,	31.86,	23.8,	23.0,	23.0
91.16201281547546,	33.33333333333333,	0.0,	32.05,	23.93,	23.0,	23.0
92.16292095184326,	33.33333333333333,	0.0,	32.18,	23.99,	23.0,	23.0
93.16369676589966,	33.33333333333333,	0.0,	32.24,	24.06,	23.0,	23.0
94.16469955444336,	33.33333333333333,	0.0,	32.5,	24.06,	23.0,	23.0
95.16558814048767,	33.33333333333333,	0.0,	32.5,	24.06,	23.0,	23.0
96.16662120819092,	33.33333333333333,	0.0,	32.56,	24.09,	23.0,	23.0
97.1684980392456,	33.33333333333333,	0.0,	32.82,	24.12,	23.0,	23.0
98.16934871673584,	33.33333333333333,	0.0,	32.82,	24.12,	23.0,	23.0
99.16985082626343,	33.33333333333333,	0.0,	32.85,	24.12,	23.0,	23.0
100.17033553123474,	33.33333333333333,	0.0,	33.11,	24.12,	23.0,	23.0
101.1722161769867,	33.33333333333333,	0.0,	33.14,	24.12,	23.0,	23.0
102.17329359054565,	33.33333333333333,	0.0,	33.21,	24.15,	23.0,	23.0
103.17430663108826,	33.33333333333333,	0.0,	33.47,	24.12,	23.0,	23.0
104.17468404769897,	33.33333333333333,	0.0,	33.47,	24.15,	23.0,	23.0
105.1754105091095,	33.33333333333333,	0.0,	33.5,	24.22,	23.0,	23.0
106.176748752594,	33.33333333333333,	0.0,	33.76,	24.38,	23.0,	23.0
107.1780948638916,	33.33333333333333,	0.0,	33.79,	24.35,	23.0,	23.0
108.17955231666565,	33.33333333333333,	0.0,	33.79,	24.41,	23.0,	23.0
109.18003106117249,	33.33333333333333,	0.0,	33.92,	24.44,	23.0,	23.0
110.18181800842285,	33.33333333333333,	0.0,	34.11,	24.44,	23.0,	23.0
111.1833701133728,	33.33333333333333,	0.0,	34.11,	24.44,	23.0,	23.0
112.18410730361938,	33.33333333333333,	0.0,	34.24,	24.44,	23.0,	23.0
113.20772910118103,	33.33333333333333,	0.0,	34.43,	24.44,	23.0,	23.0
114.20871376991272,	33.33333333333333,	0.0,	34.43,	24.44,	23.0,	23.0
115.20916771888733,	33.33333333333333,	0.0,	34.66,	24.48,	23.0,	23.0
116.21020245552063,	33.33333333333333,	0.0,	34.76,	24.57,	23.0,	23.0
117.22626161575317,	33.33333333333333,	0.0,	34.76,	24.6,	23.0,	23.0
118.2267632484436,	33.33333333333333,	0.0,	34.79,	24.6,	23.0,	23.0
119.22763228416443,	33.33333333333333,	0.0,	35.08,	24.73,	23.0,	23.0
120.22916460037231,	33.33333333333333,	0.0,	35.08,	24.77,	23.0,	23.0
121.22968292236328,	33.33333333333333,	0.0,	35.14,	24.77,	23.0,	23.0
122.22977828979492,	33.33333333333333,	0.0,	35.21,	24.77,	23.0,	23.0
123.23116087913513,	33.33333333333333,	0.0,	35.4,	24.77,	23.0,	23.0
124.23212242126465,	33.33333333333333,	0.0,	35.4,	24.77,	23.0,	23.0
125.23255228996277,	33.33333333333333,	0.0,	35.5,	24.77,	23.0,	23.0
126.23377847671509,	33.33333333333333,	0.0,	35.72,	24.77,	23.0,	23.0
127.23448920249939,	33.33333333333333,	0.0,	35.72,	24.8,	23.0,	23.0
128.23481392860413,	33.33333333333333,	0.0,	35.79,	24.83,	23.0,	23.0
129.23654770851135,	33.33333333333333,	0.0,	35.95,	24.96,	23.0,	23.0
130.23764491081238,	33.33333333333333,	0.0,	36.04,	25.02,	23.0,	23.0
131.23871326446533,	33.33333333333333,	0.0,	36.04,	25.09,	23.0,	23.0
132.23958349227905,	33.33333333333333,	0.0,	36.14,	25.09,	23.0,	23.0
133.24060487747192,	33.33333333333333,	0.0,	36.37,	25.09,	23.0,	23.0
134.24133133888245,	33.33333333333333,	0.0,	36.37,	25.09,	23.0,	23.0
135.24217438697815,	33.33333333333333,	0.0,	36.37,	25.09,	23.0,	23.0
136.24277639389038,	33.33333333333333,	0.0,	36.43,	25.09,	23.0,	23.0
137.243750333786,	33.33333333333333,	0.0,	36.69,	25.09,	23.0,	23.0
138.24439358711243,	33.33333333333333,	0.0,	36.69,	25.12,	23.0,	23.0
139.24504446983337,	33.33333333333333,	0.0,	36.69,	25.12,	23.0,	23.0
140.24595069885254,	33.33333333333333,	0.0,	36.82,	25.18,	23.0,	23.0
141.24710988998413,	33.33333333333333,	0.0,	37.01,	25.25,	23.0,	23.0
142.24751114845276,	33.33333333333333,	0.0,	37.01,	25.25,	23.0,	23.0
143.2484471797943,	33.33333333333333,	0.0,	37.01,	25.41,	23.0,	23.0
144.249445438385,	33.33333333333333,	0.0,	37.08,	25.41,	23.0,	23.0
145.2498025894165,	33.33333333333333,	0.0,	37.27,	25.41,	23.0,	23.0
146.25021243095398,	33.33333333333333,	0.0,	37.33,	25.41,	23.0,	23.0
147.37266850471497,	33.33333333333333,	0.0,	37.33,	25.41,	23.0,	23.0
148.37321257591248,	33.33333333333333,	0.0,	37.43,	25.41,	23.0,	23.0
149.3783676624298,	33.33333333333333,	0.0,	37.66,	25.41,	23.0,	23.0
150.37891244888306,	33.33333333333333,	0.0,	37.66,	25.41,	23.0,	23.0
151.38029956817627,	33.33333333333333,	0.0,	37.66,	25.54,	23.0,	23.0
152.38068985939026,	33.33333333333333,	0.0,	37.69,	25.57,	23.0,	23.0
153.3816261291504,	33.33333333333333,	0.0,	37.85,	25.7,	23.0,	23.0
154.38257694244385,	33.33333333333333,	0.0,	37.98,	25.64,	23.0,	23.0
155.38431882858276,	33.33333333333333,	0.0,	37.98,	25.7,	23.0,	23.0
156.38472080230713,	33.33333333333333,	0.0,	37.98,	25.73,	23.0,	23.0
157.38562107086182,	33.33333333333333,	0.0,	38.11,	25.73,	23.0,	23.0
158.38745307922363,	33.33333333333333,	0.0,	38.27,	25.73,	23.0,	23.0
159.38931012153625,	33.33333333333333,	0.0,	38.3,	25.76,	23.0,	23.0
160.38999438285828,	33.33333333333333,	0.0,	38.3,	25.73,	23.0,	23.0
161.39118933677673,	33.33333333333333,	0.0,	38.33,	25.73,	23.0,	23.0
162.3915753364563,	33.33333333333333,	0.0,	38.53,	25.89,	23.0,	23.0
163.3930859565735,	33.33333333333333,	0.0,	38.62,	25.96,	23.0,	23.0
164.39452743530273,	33.33333333333333,	0.0,	38.62,	25.99,	23.0,	23.0
165.39470839500427,	33.33333333333333,	0.0,	38.62,	25.99,	23.0,	23.0
166.3957257270813,	33.33333333333333,	0.0,	38.69,	26.05,	23.0,	23.0
167.3963737487793,	33.33333333333333,	0.0,	38.88,	26.05,	23.0,	23.0
168.39747858047485,	33.33333333333333,	0.0,	38.95,	26.05,	23.0,	23.0
169.39921593666077,	33.33333333333333,	0.0,	38.95,	26.05,	23.0,	23.0
170.40028166770935,	33.33333333333333,	0.0,	38.95,	26.05,	23.0,	23.0
171.40161108970642,	33.33333333333333,	0.0,	39.11,	26.05,	23.0,	23.0
172.4025399684906,	33.33333333333333,	0.0,	39.24,	26.05,	23.0,	23.0
173.4033498764038,	33.33333333333333,	0.0,	39.27,	26.25,	23.0,	23.0
174.40389561653137,	33.33333333333333,	0.0,	39.27,	26.18,	23.0,	23.0
175.40494179725647,	33.33333333333333,	0.0,	39.27,	26.31,	23.0,	23.0
176.40548276901245,	33.33333333333333,	0.0,	39.49,	26.38,	23.0,	23.0
177.4064974784851,	33.33333333333333,	0.0,	39.59,	26.38,	23.0,	23.0
178.40778398513794,	33.33333333333333,	0.0,	39.59,	26.38,	23.0,	23.0
179.40923357009888,	33.33333333333333,	0.0,	39.59,	26.38,	23.0,	23.0
180.40985679626465,	33.33333333333333,	0.0,	39.65,	26.38,	23.0,	23.0
181.41120791435242,	33.33333333333333,	0.0,	39.82,	26.38,	23.0,	23.0
182.41187930107117,	33.33333333333333,	0.0,	39.88,	26.41,	23.0,	23.0
183.47171926498413,	33.33333333333333,	0.0,	39.91,	26.44,	23.0,	23.0
184.4719433784485,	33.33333333333333,	0.0,	39.91,	26.57,	23.0,	23.0
185.4724633693695,	33.33333333333333,	0.0,	39.98,	26.6,	23.0,	23.0
186.5923261642456,	33.33333333333333,	0.0,	40.14,	26.7,	23.0,	23.0
187.5932810306549,	33.33333333333333,	0.0,	40.23,	26.67,	23.0,	23.0
188.59417915344238,	33.33333333333333,	0.0,	40.23,	26.7,	23.0,	23.0
189.60152769088745,	33.33333333333333,	0.0,	40.23,	26.7,	23.0,	23.0
190.60197496414185,	33.33333333333333,	0.0,	40.27,	26.7,	23.0,	23.0
191.6032636165619,	33.33333333333333,	0.0,	40.43,	26.73,	23.0,	23.0
192.6036515235901,	33.33333333333333,	0.0,	40.46,	26.7,	23.0,	23.0
193.60540556907654,	33.33333333333333,	0.0,	40.56,	26.73,	23.0,	23.0
194.6057002544403,	33.33333333333333,	0.0,	40.56,	26.76,	23.0,	23.0
195.6060664653778,	33.33333333333333,	0.0,	40.56,	26.73,	23.0,	23.0
196.6067705154419,	33.33333333333333,	0.0,	40.59,	26.92,	23.0,	23.0
197.60761141777039,	33.33333333333333,	0.0,	40.78,	27.02,	23.0,	23.0
198.6085822582245,	33.33333333333333,	0.0,	40.88,	27.02,	23.0,	23.0
199.60949063301086,	33.33333333333333,	0.0,	40.88,	27.02,	23.0,	23.0
200.6107358932495,	33.33333333333333,	0.0,	40.88,	27.02,	23.0,	23.0
201.61132144927979,	33.33333333333333,	0.0,	40.88,	27.02,	23.0,	23.0
202.61231088638306,	33.33333333333333,	0.0,	41.07,	27.02,	23.0,	23.0
203.6134476661682,	33.33333333333333,	0.0,	41.1,	27.02,	23.0,	23.0
204.61433815956116,	33.33333333333333,	0.0,	41.2,	27.02,	23.0,	23.0
205.61501145362854,	33.33333333333333,	0.0,	41.2,	27.02,	23.0,	23.0
206.61595678329468,	33.33333333333333,	0.0,	41.2,	27.05,	23.0,	23.0
207.61689376831055,	33.33333333333333,	0.0,	41.27,	27.15,	23.0,	23.0
208.61794352531433,	33.33333333333333,	0.0,	41.39,	27.15,	23.0,	23.0
209.61940097808838,	33.33333333333333,	0.0,	41.52,	27.31,	23.0,	23.0
210.62018394470215,	33.33333333333333,	0.0,	41.52,	27.31,	23.0,	23.0
211.62156915664673,	33.33333333333333,	0.0,	41.52,	27.34,	23.0,	23.0
212.622820854187,	33.33333333333333,	0.0,	41.59,	27.34,	23.0,	23.0
213.62298369407654,	33.33333333333333,	0.0,	41.56,	27.34,	23.0,	23.0
214.62309336662292,	33.33333333333333,	0.0,	41.68,	27.34,	23.0,	23.0
215.62482380867004,	33.33333333333333,	0.0,	41.75,	27.34,	23.0,	23.0
216.62583184242249,	33.33333333333333,	0.0,	41.81,	27.34,	23.0,	23.0
217.62641859054565,	33.33333333333333,	0.0,	41.85,	27.34,	23.0,	23.0
218.62828063964844,	33.33333333333333,	0.0,	41.85,	27.38,	23.0,	23.0
219.62962865829468,	33.33333333333333,	0.0,	41.85,	27.34,	23.0,	23.0
220.63055634498596,	33.33333333333333,	0.0,	41.88,	27.57,	23.0,	23.0
221.6311104297638,	33.33333333333333,	0.0,	41.91,	27.54,	23.0,	23.0
222.63250064849854,	33.33333333333333,	0.0,	42.07,	27.67,	23.0,	23.0
223.63358640670776,	33.33333333333333,	0.0,	42.14,	27.6,	23.0,	23.0
224.63527822494507,	33.33333333333333,	0.0,	42.17,	27.67,	23.0,	23.0
225.63571333885193,	33.33333333333333,	0.0,	42.17,	27.67,	23.0,	23.0
226.63646054267883,	33.33333333333333,	0.0,	42.2,	27.67,	23.0,	23.0
227.63725996017456,	33.33333333333333,	0.0,	42.2,	27.67,	23.0,	23.0
228.6379861831665,	33.33333333333333,	0.0,	42.26,	27.67,	23.0,	23.0
229.638667345047,	33.33333333333333,	0.0,	42.43,	27.67,	23.0,	23.0
230.63962864875793,	33.33333333333333,	0.0,	42.49,	27.73,	23.0,	23.0
231.64075088500977,	33.33333333333333,	0.0,	42.49,	27.7,	23.0,	23.0
232.64173221588135,	33.33333333333333,	0.0,	42.49,	27.7,	23.0,	23.0
233.64252400398254,	33.33333333333333,	0.0,	42.49,	27.96,	23.0,	23.0
234.64377427101135,	33.33333333333333,	0.0,	42.49,	27.96,	23.0,	23.0
235.6440134048462,	33.33333333333333,	0.0,	42.59,	27.99,	23.0,	23.0
236.64503026008606,	33.33333333333333,	0.0,	42.65,	27.99,	23.0,	23.0
237.64578199386597,	33.33333333333333,	0.0,	42.75,	27.99,	23.0,	23.0
238.64658212661743,	33.33333333333333,	0.0,	42.81,	27.99,	23.0,	23.0
239.64758133888245,	33.33333333333333,	0.0,	42.81,	27.99,	23.0,	23.0
240.6484832763672,	33.33333333333333,	0.0,	42.81,	27.99,	23.0,	23.0
241.64917945861816,	33.33333333333333,	0.0,	42.81,	27.99,	23.0,	23.0
242.6495008468628,	33.33333333333333,	0.0,	42.81,	28.02,	23.0,	23.0
243.65061712265015,	33.33333333333333,	0.0,	42.91,	28.08,	23.0,	23.0
244.6514449119568,	33.33333333333333,	0.0,	43.07,	28.02,	23.0,	23.0
245.65270471572876,	33.33333333333333,	0.0,	43.13,	28.25,	23.0,	23.0
246.65310859680176,	33.33333333333333,	0.0,	43.13,	28.15,	23.0,	23.0
247.65370655059814,	33.33333333333333,	0.0,	43.13,	28.31,	23.0,	23.0
248.65726733207703,	33.33333333333333,	0.0,	43.13,	28.31,	23.0,	23.0
249.65827751159668,	33.33333333333333,	0.0,	43.17,	28.31,	23.0,	23.0
250.65948033332825,	33.33333333333333,	0.0,	43.26,	28.31,	23.0,	23.0
251.6600956916809,	33.33333333333333,	0.0,	43.39,	28.31,	23.0,	23.0
252.66095805168152,	33.33333333333333,	0.0,	43.39,	28.31,	23.0,	23.0
253.66209483146667,	33.33333333333333,	0.0,	43.46,	28.31,	23.0,	23.0
254.6631269454956,	33.33333333333333,	0.0,	43.46,	28.31,	23.0,	23.0
255.66397213935852,	33.33333333333333,	0.0,	43.46,	28.34,	23.0,	23.0
256.66437005996704,	33.33333333333333,	0.0,	43.46,	28.41,	23.0,	23.0
257.66516375541687,	33.33333333333333,	0.0,	43.49,	28.47,	23.0,	23.0
258.6664204597473,	33.33333333333333,	0.0,	43.49,	28.57,	23.0,	23.0
259.6670172214508,	33.33333333333333,	0.0,	43.62,	28.54,	23.0,	23.0
260.66866540908813,	33.33333333333333,	0.0,	43.75,	28.6,	23.0,	23.0
261.6692159175873,	33.33333333333333,	0.0,	43.78,	28.63,	23.0,	23.0
262.6697907447815,	33.33333333333333,	0.0,	43.78,	28.63,	23.0,	23.0
263.67127776145935,	33.33333333333333,	0.0,	43.78,	28.63,	23.0,	23.0
264.67212319374084,	33.33333333333333,	0.0,	43.78,	28.63,	23.0,	23.0
265.6729009151459,	33.33333333333333,	0.0,	43.78,	28.63,	23.0,	23.0
266.67371010780334,	33.33333333333333,	0.0,	43.78,	28.67,	23.0,	23.0
267.6753294467926,	33.33333333333333,	0.0,	43.81,	28.67,	23.0,	23.0
268.67641043663025,	33.33333333333333,	0.0,	43.88,	28.67,	23.0,	23.0
269.67717957496643,	33.33333333333333,	0.0,	43.97,	28.7,	23.0,	23.0
270.6774106025696,	33.33333333333333,	0.0,	44.07,	28.73,	23.0,	23.0
271.678142786026,	33.33333333333333,	0.0,	44.1,	28.79,	23.0,	23.0
272.678790807724,	33.33333333333333,	0.0,	44.1,	28.83,	23.0,	23.0
273.67908120155334,	33.33333333333333,	0.0,	44.1,	28.89,	23.0,	23.0
274.67973351478577,	33.33333333333333,	0.0,	44.1,	28.96,	23.0,	23.0
275.6804475784302,	33.33333333333333,	0.0,	44.1,	28.96,	23.0,	23.0
276.68132972717285,	33.33333333333333,	0.0,	44.1,	28.96,	23.0,	23.0
277.68191623687744,	33.33333333333333,	0.0,	44.1,	28.96,	23.0,	23.0
278.68335819244385,	33.33333333333333,	0.0,	44.1,	28.96,	23.0,	23.0
279.6840350627899,	33.33333333333333,	0.0,	44.17,	28.96,	23.0,	23.0
280.6844494342804,	33.33333333333333,	0.0,	44.26,	28.96,	23.0,	23.0
281.68543314933777,	33.33333333333333,	0.0,	44.29,	28.96,	23.0,	23.0
282.6862533092499,	33.33333333333333,	0.0,	44.36,	29.08,	23.0,	23.0
283.68717432022095,	33.33333333333333,	0.0,	44.42,	28.96,	23.0,	23.0
284.6877450942993,	33.33333333333333,	0.0,	44.42,	28.99,	23.0,	23.0
285.6877646446228,	33.33333333333333,	0.0,	44.42,	29.08,	23.0,	23.0
286.6893980503082,	33.33333333333333,	0.0,	44.42,	29.12,	23.0,	23.0
287.69022011756897,	33.33333333333333,	0.0,	44.42,	29.18,	23.0,	23.0
288.6912477016449,	33.33333333333333,	0.0,	44.42,	29.21,	23.0,	23.0
289.69252252578735,	33.33333333333333,	0.0,	44.42,	29.28,	23.0,	23.0
290.69364619255066,	33.33333333333333,	0.0,	44.52,	29.28,	23.0,	23.0
291.6938650608063,	33.33333333333333,	0.0,	44.52,	29.28,	23.0,	23.0
292.69402027130127,	33.33333333333333,	0.0,	44.55,	29.28,	23.0,	23.0
293.69473695755005,	33.33333333333333,	0.0,	44.71,	29.28,	23.0,	23.0
294.69548773765564,	33.33333333333333,	0.0,	44.71,	29.28,	23.0,	23.0
295.69570302963257,	33.33333333333333,	0.0,	44.71,	29.31,	23.0,	23.0
296.6962606906891,	33.33333333333333,	0.0,	44.75,	29.28,	23.0,	23.0
297.6972107887268,	33.33333333333333,	0.0,	44.75,	29.31,	23.0,	23.0
298.69890236854553,	33.33333333333333,	0.0,	44.75,	29.34,	23.0,	23.0
299.7001612186432,	33.33333333333333,	0.0,	44.75,	29.41,	23.0,	23.0
300.70163464546204,	33.33333333333333,	25.0,	44.78,	29.47,	23.0,	23.0
301.7034680843353,	33.33333333333333,	25.0,	44.91,	29.66,	23.0,	23.0
302.70431876182556,	33.33333333333333,	25.0,	44.97,	29.66,	23.0,	23.0
303.70575284957886,	33.33333333333333,	25.0,	45.0,	29.7,	23.0,	23.0
304.70628666877747,	33.33333333333333,	25.0,	45.07,	29.66,	23.0,	23.0
305.70699739456177,	33.33333333333333,	25.0,	45.07,	29.7,	23.0,	23.0
306.7084605693817,	33.33333333333333,	25.0,	45.07,	29.7,	23.0,	23.0
307.70877051353455,	33.33333333333333,	25.0,	45.07,	29.7,	23.0,	23.0
308.71033215522766,	33.33333333333333,	25.0,	45.07,	29.7,	23.0,	23.0
309.71123361587524,	33.33333333333333,	25.0,	45.07,	29.79,	23.0,	23.0
310.71201372146606,	33.33333333333333,	25.0,	45.07,	29.73,	23.0,	23.0
311.71265840530396,	33.33333333333333,	25.0,	45.1,	29.95,	23.0,	23.0
312.713743686676,	33.33333333333333,	25.0,	45.07,	30.08,	23.0,	23.0
313.7139160633087,	33.33333333333333,	25.0,	45.17,	29.99,	23.0,	23.0
314.7151312828064,	33.33333333333333,	25.0,	45.13,	30.02,	23.0,	23.0
315.71617579460144,	33.33333333333333,	25.0,	45.13,	30.02,	23.0,	23.0
316.71703362464905,	33.33333333333333,	25.0,	45.26,	30.18,	23.0,	23.0
317.7185015678406,	33.33333333333333,	25.0,	45.17,	30.08,	23.0,	23.0
318.71942162513733,	33.33333333333333,	25.0,	45.33,	30.31,	23.0,	23.0
319.72000336647034,	33.33333333333333,	25.0,	45.29,	30.24,	23.0,	23.0
320.72096848487854,	33.33333333333333,	25.0,	45.39,	30.34,	23.0,	23.0
321.72151947021484,	33.33333333333333,	25.0,	45.39,	30.34,	23.0,	23.0
322.7223663330078,	33.33333333333333,	25.0,	45.39,	30.47,	23.0,	23.0
323.7226650714874,	33.33333333333333,	25.0,	45.39,	30.53,	23.0,	23.0
324.7235689163208,	33.33333333333333,	25.0,	45.39,	30.66,	23.0,	23.0
325.7241973876953,	33.33333333333333,	25.0,	45.39,	30.7,	23.0,	23.0
326.7251834869385,	33.33333333333333,	25.0,	45.39,	30.7,	23.0,	23.0
327.7254476547241,	33.33333333333333,	25.0,	45.42,	30.76,	23.0,	23.0
328.7267129421234,	33.33333333333333,	25.0,	45.46,	30.95,	23.0,	23.0
329.72689414024353,	33.33333333333333,	25.0,	45.58,	30.99,	23.0,	23.0
330.72805762290955,	33.33333333333333,	25.0,	45.58,	30.99,	23.0,	23.0
331.72833824157715,	33.33333333333333,	25.0,	45.62,	31.02,	23.0,	23.0
332.7296085357666,	33.33333333333333,	25.0,	45.71,	31.31,	23.0,	23.0
333.73088479042053,	33.33333333333333,	25.0,	45.71,	31.28,	23.0,	23.0
334.732177734375,	33.33333333333333,	25.0,	45.71,	31.31,	23.0,	23.0
335.7332262992859,	33.33333333333333,	25.0,	45.71,	31.21,	23.0,	23.0
336.7347800731659,	33.33333333333333,	25.0,	45.71,	31.47,	23.0,	23.0
337.7355341911316,	33.33333333333333,	25.0,	45.78,	31.73,	23.0,	23.0
338.73639845848083,	33.33333333333333,	25.0,	45.78,	31.73,	23.0,	23.0
339.73729729652405,	33.33333333333333,	25.0,	45.91,	31.63,	23.0,	23.0
340.738107919693,	33.33333333333333,	25.0,	45.97,	31.63,	23.0,	23.0
341.7393488883972,	33.33333333333333,	25.0,	46.0,	31.82,	23.0,	23.0
342.74007511138916,	33.33333333333333,	25.0,	46.04,	31.92,	23.0,	23.0
343.74127101898193,	33.33333333333333,	25.0,	46.04,	31.95,	23.0,	23.0
344.74195432662964,	33.33333333333333,	25.0,	46.04,	31.86,	23.0,	23.0
345.7432758808136,	33.33333333333333,	25.0,	46.07,	32.02,	23.0,	23.0
346.74435448646545,	33.33333333333333,	25.0,	46.04,	32.24,	23.0,	23.0
347.7447853088379,	33.33333333333333,	25.0,	46.04,	32.18,	23.0,	23.0
348.7452085018158,	33.33333333333333,	25.0,	46.07,	32.27,	23.0,	23.0
349.7457859516144,	33.33333333333333,	25.0,	46.16,	32.34,	23.0,	23.0
350.746839761734,	33.33333333333333,	25.0,	46.33,	32.56,	23.0,	23.0
351.7471399307251,	33.33333333333333,	25.0,	46.29,	32.6,	23.0,	23.0
352.748423576355,	33.33333333333333,	25.0,	46.36,	32.6,	23.0,	23.0
353.7492711544037,	33.33333333333333,	25.0,	46.36,	32.6,	23.0,	23.0
354.75017189979553,	33.33333333333333,	25.0,	46.36,	32.69,	23.0,	23.0
355.7509787082672,	33.33333333333333,	25.0,	46.36,	32.89,	23.0,	23.0
356.75131702423096,	33.33333333333333,	25.0,	46.39,	33.02,	23.0,	23.0
357.7529327869415,	33.33333333333333,	25.0,	46.39,	33.02,	23.0,	23.0
358.7541470527649,	33.33333333333333,	25.0,	46.45,	32.82,	23.0,	23.0
359.754967212677,	33.33333333333333,	25.0,	46.55,	33.05,	23.0,	23.0
360.7557165622711,	33.33333333333333,	25.0,	46.52,	33.08,	23.0,	23.0
361.7558505535126,	33.33333333333333,	25.0,	46.58,	33.24,	23.0,	23.0
362.7563850879669,	33.33333333333333,	25.0,	46.68,	33.24,	23.0,	23.0
363.75712752342224,	33.33333333333333,	25.0,	46.68,	33.37,	23.0,	23.0
364.7584025859833,	33.33333333333333,	25.0,	46.68,	33.27,	23.0,	23.0
365.7595398426056,	33.33333333333333,	25.0,	46.68,	33.47,	23.0,	23.0
366.76048946380615,	33.33333333333333,	25.0,	46.68,	33.56,	23.0,	23.0
367.76139521598816,	33.33333333333333,	25.0,	46.68,	33.56,	23.0,	23.0
368.7622730731964,	33.33333333333333,	25.0,	46.68,	33.66,	23.0,	23.0
369.76354360580444,	33.33333333333333,	25.0,	46.68,	33.53,	23.0,	23.0
370.76397037506104,	33.33333333333333,	25.0,	46.68,	33.89,	23.0,	23.0
371.7644097805023,	33.33333333333333,	25.0,	46.71,	33.89,	23.0,	23.0
372.7644956111908,	33.33333333333333,	25.0,	46.84,	33.89,	23.0,	23.0
373.76623916625977,	33.33333333333333,	25.0,	46.97,	33.89,	23.0,	23.0
374.766713142395,	33.33333333333333,	25.0,	46.91,	34.01,	23.0,	23.0
375.7675528526306,	33.33333333333333,	25.0,	46.97,	34.11,	23.0,	23.0
376.76867866516113,	33.33333333333333,	25.0,	47.0,	34.27,	23.0,	23.0
377.76925706863403,	33.33333333333333,	25.0,	47.0,	34.21,	23.0,	23.0
378.77057576179504,	33.33333333333333,	25.0,	47.0,	34.3,	23.0,	23.0
379.77118945121765,	33.33333333333333,	25.0,	47.03,	34.27,	23.0,	23.0
380.7720742225647,	33.33333333333333,	25.0,	47.03,	34.37,	23.0,	23.0
381.7734811306,	33.33333333333333,	25.0,	47.1,	34.53,	23.0,	23.0
382.77426648139954,	33.33333333333333,	25.0,	47.07,	34.53,	23.0,	23.0
383.7751908302307,	33.33333333333333,	25.0,	47.16,	34.53,	23.0,	23.0
384.77577209472656,	33.33333333333333,	25.0,	47.26,	34.56,	23.0,	23.0
385.7768497467041,	33.33333333333333,	25.0,	47.26,	34.59,	23.0,	23.0
386.77804255485535,	33.33333333333333,	25.0,	47.32,	34.85,	23.0,	23.0
387.7792797088623,	33.33333333333333,	25.0,	47.32,	34.85,	23.0,	23.0
388.77978563308716,	33.33333333333333,	25.0,	47.32,	34.85,	23.0,	23.0
389.78073167800903,	33.33333333333333,	25.0,	47.32,	34.88,	23.0,	23.0
390.78095293045044,	33.33333333333333,	25.0,	47.32,	34.82,	23.0,	23.0
391.78154158592224,	33.33333333333333,	25.0,	47.36,	35.11,	23.0,	23.0
392.78267526626587,	33.33333333333333,	25.0,	47.36,	35.27,	23.0,	23.0
393.7831218242645,	33.33333333333333,	25.0,	47.36,	35.17,	23.0,	23.0
394.78349471092224,	33.33333333333333,	25.0,	47.39,	35.17,	23.0,	23.0
395.784574508667,	33.33333333333333,	25.0,	47.49,	35.14,	23.0,	23.0
396.7851724624634,	33.33333333333333,	25.0,	47.61,	35.27,	23.0,	23.0
397.78601837158203,	33.33333333333333,	25.0,	47.65,	35.4,	23.0,	23.0
398.78671741485596,	33.33333333333333,	25.0,	47.65,	35.5,	23.0,	23.0
399.7869167327881,	33.33333333333333,	25.0,	47.65,	35.56,	23.0,	23.0
400.7872312068939,	33.33333333333333,	25.0,	47.65,	35.5,	23.0,	23.0
401.7878305912018,	33.33333333333333,	25.0,	47.68,	35.5,	23.0,	23.0
402.78904604911804,	33.33333333333333,	25.0,	47.68,	35.53,	23.0,	23.0
403.7902076244354,	33.33333333333333,	25.0,	47.65,	35.59,	23.0,	23.0
404.79133558273315,	33.33333333333333,	25.0,	47.71,	35.79,	23.0,	23.0
405.7919325828552,	33.33333333333333,	25.0,	47.65,	35.82,	23.0,	23.0
406.792546749115,	33.33333333333333,	25.0,	47.74,	35.82,	23.0,	23.0
407.7928469181061,	33.33333333333333,	25.0,	47.71,	35.82,	23.0,	23.0
408.79364919662476,	33.33333333333333,	25.0,	47.78,	35.88,	23.0,	23.0
409.79485988616943,	33.33333333333333,	25.0,	47.84,	35.98,	23.0,	23.0
410.7974498271942,	33.33333333333333,	25.0,	47.9,	36.11,	23.0,	23.0
411.79837918281555,	33.33333333333333,	25.0,	47.97,	36.24,	23.0,	23.0
412.79917430877686,	33.33333333333333,	25.0,	47.97,	36.14,	23.0,	23.0
413.80067443847656,	33.33333333333333,	25.0,	47.97,	36.14,	23.0,	23.0
414.8014671802521,	33.33333333333333,	25.0,	47.97,	36.14,	23.0,	23.0
415.80270290374756,	33.33333333333333,	25.0,	47.97,	36.3,	23.0,	23.0
416.8037157058716,	33.33333333333333,	25.0,	47.97,	36.27,	23.0,	23.0
417.80389189720154,	33.33333333333333,	25.0,	47.97,	36.46,	23.0,	23.0
418.8052852153778,	33.33333333333333,	25.0,	47.97,	36.37,	23.0,	23.0
419.80678057670593,	33.33333333333333,	25.0,	47.97,	36.46,	23.0,	23.0
420.80827736854553,	33.33333333333333,	25.0,	47.97,	36.46,	23.0,	23.0
421.80898880958557,	33.33333333333333,	25.0,	47.97,	36.53,	23.0,	23.0
422.8102357387543,	33.33333333333333,	25.0,	47.97,	36.53,	23.0,	23.0
423.81155943870544,	33.33333333333333,	25.0,	48.07,	36.66,	23.0,	23.0
424.8127624988556,	33.33333333333333,	25.0,	48.07,	36.79,	23.0,	23.0
425.8132698535919,	33.33333333333333,	25.0,	48.07,	36.79,	23.0,	23.0
426.81421184539795,	33.33333333333333,	25.0,	48.23,	36.79,	23.0,	23.0
427.8152482509613,	33.33333333333333,	25.0,	48.29,	36.88,	23.0,	23.0
428.81625485420227,	33.33333333333333,	25.0,	48.29,	36.88,	23.0,	23.0
429.8167095184326,	33.33333333333333,	25.0,	48.29,	36.92,	23.0,	23.0
430.8177077770233,	33.33333333333333,	25.0,	48.29,	37.11,	23.0,	23.0
431.81836557388306,	33.33333333333333,	25.0,	48.29,	37.08,	23.0,	23.0
432.81928873062134,	33.33333333333333,	25.0,	48.29,	37.11,	23.0,	23.0
433.8201289176941,	33.33333333333333,	25.0,	48.29,	37.11,	23.0,	23.0
434.8210141658783,	33.33333333333333,	25.0,	48.29,	37.11,	23.0,	23.0
435.8216814994812,	33.33333333333333,	25.0,	48.29,	37.17,	23.0,	23.0
436.8228757381439,	33.33333333333333,	25.0,	48.48,	37.27,	23.0,	23.0
437.82378792762756,	33.33333333333333,	25.0,	48.55,	37.33,	23.0,	23.0
438.82791805267334,	33.33333333333333,	25.0,	48.58,	37.46,	23.0,	23.0
439.82905316352844,	33.33333333333333,	25.0,	48.61,	37.4,	23.0,	23.0
440.8296694755554,	33.33333333333333,	25.0,	48.61,	37.43,	23.0,	23.0
441.8312916755676,	33.33333333333333,	25.0,	48.61,	37.43,	23.0,	23.0
442.83167147636414,	33.33333333333333,	25.0,	48.61,	37.33,	23.0,	23.0
443.8324511051178,	33.33333333333333,	25.0,	48.61,	37.33,	23.0,	23.0
444.8329231739044,	33.33333333333333,	25.0,	48.61,	37.46,	23.0,	23.0
445.8339202404022,	33.33333333333333,	25.0,	48.71,	37.62,	23.0,	23.0
446.8357021808624,	33.33333333333333,	25.0,	48.74,	37.82,	23.0,	23.0
447.8364009857178,	33.33333333333333,	25.0,	48.77,	37.66,	23.0,	23.0
448.8370966911316,	33.33333333333333,	25.0,	48.77,	37.85,	23.0,	23.0
449.8381116390228,	33.33333333333333,	25.0,	48.87,	37.75,	23.0,	23.0
450.8385500907898,	33.33333333333333,	25.0,	48.84,	37.75,	23.0,	23.0
451.8394684791565,	33.33333333333333,	25.0,	48.84,	37.85,	23.0,	23.0
452.840430021286,	33.33333333333333,	25.0,	48.94,	37.85,	23.0,	23.0
453.84183073043823,	33.33333333333333,	25.0,	48.94,	37.79,	23.0,	23.0
454.8427929878235,	33.33333333333333,	25.0,	48.94,	38.11,	23.0,	23.0
455.842999458313,	33.33333333333333,	25.0,	48.94,	38.08,	23.0,	23.0
456.8436357975006,	33.33333333333333,	25.0,	48.94,	38.08,	23.0,	23.0
457.84498858451843,	33.33333333333333,	25.0,	48.94,	38.08,	23.0,	23.0
458.8461694717407,	33.33333333333333,	25.0,	48.94,	38.08,	23.0,	23.0
459.84659934043884,	33.33333333333333,	25.0,	48.94,	38.11,	23.0,	23.0
460.8471028804779,	33.33333333333333,	25.0,	48.94,	38.08,	23.0,	23.0
461.8476605415344,	33.33333333333333,	25.0,	48.94,	38.24,	23.0,	23.0
462.8487505912781,	33.33333333333333,	25.0,	48.94,	38.14,	23.0,	23.0
463.8496778011322,	33.33333333333333,	25.0,	48.94,	38.43,	23.0,	23.0
464.8507034778595,	33.33333333333333,	25.0,	48.94,	38.4,	23.0,	23.0
465.852148771286,	33.33333333333333,	25.0,	48.94,	38.4,	23.0,	23.0
466.85406398773193,	33.33333333333333,	25.0,	48.94,	38.4,	23.0,	23.0
467.8562533855438,	33.33333333333333,	25.0,	48.97,	38.4,	23.0,	23.0
468.85790276527405,	33.33333333333333,	25.0,	48.94,	38.3,	23.0,	23.0
469.8580596446991,	33.33333333333333,	25.0,	48.94,	38.43,	23.0,	23.0
470.8587107658386,	33.33333333333333,	25.0,	48.94,	38.53,	23.0,	23.0
471.8601334095001,	33.33333333333333,	25.0,	48.94,	38.43,	23.0,	23.0
472.8608613014221,	33.33333333333333,	25.0,	48.94,	38.62,	23.0,	23.0
473.8617265224457,	33.33333333333333,	25.0,	48.97,	38.56,	23.0,	23.0
474.86315870285034,	33.33333333333333,	25.0,	48.94,	38.72,	23.0,	23.0
475.86367654800415,	33.33333333333333,	25.0,	49.13,	38.72,	23.0,	23.0
476.86450815200806,	33.33333333333333,	25.0,	48.97,	38.72,	23.0,	23.0
477.8650438785553,	33.33333333333333,	25.0,	49.19,	38.72,	23.0,	23.0
478.8662977218628,	33.33333333333333,	25.0,	49.19,	38.75,	23.0,	23.0
479.86736726760864,	33.33333333333333,	25.0,	49.26,	38.85,	23.0,	23.0
480.86829018592834,	33.33333333333333,	25.0,	49.26,	38.82,	23.0,	23.0
481.8693628311157,	33.33333333333333,	25.0,	49.26,	38.91,	23.0,	23.0
482.869601726532,	33.33333333333333,	25.0,	49.26,	39.04,	23.0,	23.0
483.8710587024689,	33.33333333333333,	25.0,	49.26,	39.04,	23.0,	23.0
484.8716459274292,	33.33333333333333,	25.0,	49.29,	39.14,	23.0,	23.0
485.87250781059265,	33.33333333333333,	25.0,	49.26,	39.04,	23.0,	23.0
486.8742401599884,	33.33333333333333,	25.0,	49.39,	39.04,	23.0,	23.0
487.87439703941345,	33.33333333333333,	25.0,	49.26,	38.98,	23.0,	23.0
488.87556624412537,	33.33333333333333,	25.0,	49.29,	39.01,	23.0,	23.0
489.87713956832886,	33.33333333333333,	25.0,	49.32,	39.27,	23.0,	23.0
490.87736892700195,	33.33333333333333,	25.0,	49.45,	39.27,	23.0,	23.0
491.87880754470825,	33.33333333333333,	25.0,	49.35,	39.36,	23.0,	23.0
492.879341840744,	33.33333333333333,	25.0,	49.39,	39.27,	23.0,	23.0
493.88052105903625,	33.33333333333333,	25.0,	49.52,	39.36,	23.0,	23.0
494.8812532424927,	33.33333333333333,	25.0,	49.58,	39.46,	23.0,	23.0
495.88247895240784,	33.33333333333333,	25.0,	49.58,	39.36,	23.0,	23.0
496.88379645347595,	33.33333333333333,	25.0,	49.55,	39.36,	23.0,	23.0
497.884384393692,	33.33333333333333,	25.0,	49.48,	39.36,	23.0,	23.0
498.8864679336548,	33.33333333333333,	25.0,	49.55,	39.49,	23.0,	23.0
499.88824820518494,	33.33333333333333,	25.0,	49.58,	39.53,	23.0,	23.0
500.8891382217407,	33.33333333333333,	25.0,	49.58,	39.65,	23.0,	23.0
501.89016222953796,	33.33333333333333,	25.0,	49.58,	39.62,	23.0,	23.0
502.8908967971802,	33.33333333333333,	25.0,	49.58,	39.69,	23.0,	23.0
503.89203000068665,	33.33333333333333,	25.0,	49.58,	39.69,	23.0,	23.0
504.8926432132721,	33.33333333333333,	25.0,	49.58,	39.78,	23.0,	23.0
505.89371275901794,	33.33333333333333,	25.0,	49.61,	39.78,	23.0,	23.0
506.89463210105896,	33.33333333333333,	25.0,	49.61,	39.78,	23.0,	23.0
507.8959732055664,	33.33333333333333,	25.0,	49.74,	39.69,	23.0,	23.0
508.89716696739197,	33.33333333333333,	25.0,	49.84,	39.78,	23.0,	23.0
509.8987843990326,	33.33333333333333,	25.0,	49.9,	39.72,	23.0,	23.0
510.8996226787567,	33.33333333333333,	25.0,	49.9,	39.72,	23.0,	23.0
511.89988231658936,	33.33333333333333,	25.0,	49.9,	39.78,	23.0,	23.0
512.9002766609192,	33.33333333333333,	25.0,	49.9,	39.91,	23.0,	23.0
513.9015846252441,	33.33333333333333,	25.0,	49.9,	40.07,	23.0,	23.0
514.9017593860626,	33.33333333333333,	25.0,	49.9,	40.01,	23.0,	23.0
515.9029762744904,	33.33333333333333,	25.0,	49.9,	40.01,	23.0,	23.0
516.9035534858704,	33.33333333333333,	25.0,	49.9,	40.01,	23.0,	23.0
517.9038751125336,	33.33333333333333,	25.0,	49.9,	40.01,	23.0,	23.0
518.9047842025757,	33.33333333333333,	25.0,	49.9,	40.01,	23.0,	23.0
519.9080436229706,	33.33333333333333,	25.0,	49.9,	40.01,	23.0,	23.0
520.9090728759766,	33.33333333333333,	25.0,	49.9,	40.11,	23.0,	23.0
521.9092736244202,	33.33333333333333,	25.0,	49.9,	40.11,	23.0,	23.0
522.910041809082,	33.33333333333333,	25.0,	49.93,	40.17,	23.0,	23.0
523.9105217456818,	33.33333333333333,	25.0,	50.0,	40.2,	23.0,	23.0
524.9109082221985,	33.33333333333333,	25.0,	50.06,	40.27,	23.0,	23.0
525.9120786190033,	33.33333333333333,	25.0,	50.06,	40.33,	23.0,	23.0
526.9133672714233,	33.33333333333333,	25.0,	50.19,	40.33,	23.0,	23.0
527.914354801178,	33.33333333333333,	25.0,	50.16,	40.33,	23.0,	23.0
528.9147257804871,	33.33333333333333,	25.0,	50.13,	40.33,	23.0,	23.0
529.9153928756714,	33.33333333333333,	25.0,	50.19,	40.33,	23.0,	23.0
530.9163522720337,	33.33333333333333,	25.0,	50.1,	40.23,	23.0,	23.0
531.9165172576904,	33.33333333333333,	25.0,	50.1,	40.23,	23.0,	23.0
532.9174966812134,	33.33333333333333,	25.0,	50.0,	40.33,	23.0,	23.0
533.9182224273682,	33.33333333333333,	25.0,	50.1,	40.33,	23.0,	23.0
534.9190168380737,	33.33333333333333,	25.0,	50.19,	40.4,	23.0,	23.0
535.9201607704163,	33.33333333333333,	25.0,	50.1,	40.36,	23.0,	23.0
536.9214856624603,	33.33333333333333,	25.0,	50.22,	40.46,	23.0,	23.0
537.9224379062653,	33.33333333333333,	25.0,	50.22,	40.59,	23.0,	23.0
538.922830581665,	33.33333333333333,	25.0,	50.22,	40.56,	23.0,	23.0
539.9242553710938,	33.33333333333333,	25.0,	50.22,	40.62,	23.0,	23.0
540.9267628192902,	33.33333333333333,	25.0,	50.22,	40.65,	23.0,	23.0
541.928929567337,	33.33333333333333,	25.0,	50.22,	40.65,	23.0,	23.0
542.9296498298645,	33.33333333333333,	25.0,	50.22,	40.65,	23.0,	23.0
543.9304852485657,	33.33333333333333,	25.0,	50.22,	40.65,	23.0,	23.0
544.9318189620972,	33.33333333333333,	25.0,	50.22,	40.75,	23.0,	23.0
545.9333627223969,	33.33333333333333,	25.0,	50.22,	40.75,	23.0,	23.0
546.9338119029999,	33.33333333333333,	25.0,	50.22,	40.65,	23.0,	23.0
547.9349617958069,	33.33333333333333,	25.0,	50.26,	40.69,	23.0,	23.0
548.9359495639801,	33.33333333333333,	25.0,	50.29,	40.69,	23.0,	23.0
549.9383606910706,	33.33333333333333,	25.0,	50.32,	40.72,	23.0,	23.0
550.9390037059784,	33.33333333333333,	25.0,	50.35,	40.81,	23.0,	23.0
551.9397449493408,	33.33333333333333,	25.0,	50.35,	40.85,	23.0,	23.0
552.9414258003235,	33.33333333333333,	25.0,	50.29,	40.91,	23.0,	23.0
553.9426996707916,	33.33333333333333,	25.0,	50.39,	40.94,	23.0,	23.0
554.9438552856445,	33.33333333333333,	25.0,	50.39,	41.07,	23.0,	23.0
555.945116519928,	33.33333333333333,	25.0,	50.51,	40.88,	23.0,	23.0
556.9457097053528,	33.33333333333333,	25.0,	50.45,	40.98,	23.0,	23.0
557.9470725059509,	33.33333333333333,	25.0,	50.32,	40.98,	23.0,	23.0
558.9474055767059,	33.33333333333333,	25.0,	50.32,	40.88,	23.0,	23.0
559.948572397232,	33.33333333333333,	25.0,	50.39,	40.98,	23.0,	23.0
560.9491605758667,	33.33333333333333,	25.0,	50.51,	40.98,	23.0,	23.0
561.9500210285187,	33.33333333333333,	25.0,	50.51,	40.91,	23.0,	23.0
562.9505767822266,	33.33333333333333,	25.0,	50.51,	41.1,	23.0,	23.0
563.9518175125122,	33.33333333333333,	25.0,	50.51,	40.88,	23.0,	23.0
564.9541101455688,	33.33333333333333,	25.0,	50.55,	41.04,	23.0,	23.0
565.9542560577393,	33.33333333333333,	25.0,	50.55,	41.1,	23.0,	23.0
566.9547834396362,	33.33333333333333,	25.0,	50.55,	41.17,	23.0,	23.0
567.9559237957001,	33.33333333333333,	25.0,	50.55,	41.17,	23.0,	23.0
568.9571685791016,	33.33333333333333,	25.0,	50.55,	41.2,	23.0,	23.0
569.9580481052399,	33.33333333333333,	25.0,	50.58,	41.27,	23.0,	23.0
570.959018945694,	33.33333333333333,	25.0,	50.58,	41.3,	23.0,	23.0
571.9605746269226,	33.33333333333333,	25.0,	50.58,	41.3,	23.0,	23.0
572.9614038467407,	33.33333333333333,	25.0,	50.58,	41.3,	23.0,	23.0
573.9618217945099,	33.33333333333333,	25.0,	50.61,	41.3,	23.0,	23.0
574.9626784324646,	33.33333333333333,	25.0,	50.55,	41.2,	23.0,	23.0
575.9638438224792,	33.33333333333333,	25.0,	50.64,	41.3,	23.0,	23.0
576.9643363952637,	33.33333333333333,	25.0,	50.55,	41.3,	23.0,	23.0
577.9669046401978,	33.33333333333333,	25.0,	50.55,	41.3,	23.0,	23.0
578.9676027297974,	33.33333333333333,	25.0,	50.55,	41.3,	23.0,	23.0
579.968090057373,	33.33333333333333,	25.0,	50.55,	41.39,	23.0,	23.0
580.9693965911865,	33.33333333333333,	25.0,	50.55,	41.3,	23.0,	23.0
581.9711213111877,	33.33333333333333,	25.0,	50.45,	41.27,	23.0,	23.0
582.971410036087,	33.33333333333333,	25.0,	50.42,	41.01,	23.0,	23.0
583.9716062545776,	33.33333333333333,	25.0,	50.45,	41.1,	23.0,	23.0
584.9725670814514,	33.33333333333333,	25.0,	50.48,	41.27,	23.0,	23.0
585.9737656116486,	33.33333333333333,	25.0,	50.55,	41.3,	23.0,	23.0
586.9746325016022,	33.33333333333333,	25.0,	50.55,	41.2,	23.0,	23.0
587.9761986732483,	33.33333333333333,	25.0,	50.55,	41.3,	23.0,	23.0
588.97709608078,	33.33333333333333,	25.0,	50.55,	41.3,	23.0,	23.0
589.97802567482,	33.33333333333333,	25.0,	50.55,	41.3,	23.0,	23.0
590.9784080982208,	33.33333333333333,	25.0,	50.55,	41.3,	23.0,	23.0
591.9801518917084,	33.33333333333333,	25.0,	50.58,	41.33,	23.0,	23.0
592.9808542728424,	33.33333333333333,	25.0,	50.58,	41.33,	23.0,	23.0
593.9817585945129,	33.33333333333333,	25.0,	50.61,	41.39,	23.0,	23.0
594.9822804927826,	33.33333333333333,	25.0,	50.71,	41.39,	23.0,	23.0
595.9830358028412,	33.33333333333333,	25.0,	50.74,	41.33,	23.0,	23.0
596.983592748642,	33.33333333333333,	25.0,	50.77,	41.49,	23.0,	23.0
597.9850385189056,	33.33333333333333,	25.0,	50.8,	41.62,	23.0,	23.0
598.9853751659393,	33.33333333333333,	25.0,	50.84,	41.72,	23.0,	23.0
