0.0,	0.0,	0.0,	23.44,	23.15,	23.0,	23.0
1.0002241134643555,	0.0,	0.0,	23.44,	23.15,	23.0,	23.0
2.0011355876922607,	0.0,	0.0,	23.41,	23.15,	23.0,	23.0
3.0019164085388184,	0.0,	0.0,	23.41,	23.15,	23.0,	23.0
4.003075361251831,	0.0,	0.0,	23.48,	23.15,	23.0,	23.0
5.0031819343566895,	0.0,	0.0,	23.44,	23.15,	23.0,	23.0
6.004593372344971,	1.0,	0.0,	23.41,	23.09,	23.0,	23.0
7.00566840171814,	1.0,	0.0,	23.48,	23.15,	23.0,	23.0
8.00672173500061,	1.0,	0.0,	23.48,	23.12,	23.0,	23.0
9.007228374481201,	1.0,	0.0,	23.44,	23.15,	23.0,	23.0
10.011330604553223,	1.0,	0.0,	23.48,	23.15,	23.0,	23.0
11.012098789215088,	1.0,	0.0,	23.35,	23.12,	23.0,	23.0
12.012375831604004,	1.0,	0.0,	23.44,	23.15,	23.0,	23.0
13.014301776885986,	1.0,	0.0,	23.41,	23.15,	23.0,	23.0
14.031906843185425,	1.0,	0.0,	23.48,	23.12,	23.0,	23.0
15.033678531646729,	1.0,	0.0,	23.44,	23.12,	23.0,	23.0
16.034826517105103,	1.0,	0.0,	23.41,	23.12,	23.0,	23.0
17.035640478134155,	1.0,	0.0,	23.48,	23.12,	23.0,	23.0
18.037013053894043,	1.0,	0.0,	23.48,	23.15,	23.0,	23.0
19.038243532180786,	1.0,	0.0,	23.48,	23.15,	23.0,	23.0
20.03867745399475,	1.0,	0.0,	23.48,	23.15,	23.0,	23.0
21.13632559776306,	1.0,	0.0,	23.48,	23.15,	23.0,	23.0
22.4928879737854,	1.0,	0.0,	23.44,	23.15,	23.0,	23.0
23.493749618530273,	1.0,	0.0,	23.48,	23.15,	23.0,	23.0
24.494511127471924,	1.0,	0.0,	23.44,	23.09,	23.0,	23.0
25.494933605194092,	1.0,	0.0,	23.48,	23.12,	23.0,	23.0
26.496405601501465,	1.0,	0.0,	23.44,	23.09,	23.0,	23.0
27.49716305732727,	1.0,	0.0,	23.44,	23.12,	23.0,	23.0
28.497809410095215,	1.0,	0.0,	23.48,	23.09,	23.0,	23.0
29.49911618232727,	1.0,	0.0,	23.48,	23.03,	23.0,	23.0
30.50058603286743,	1.0,	0.0,	23.48,	23.09,	23.0,	23.0
31.500863075256348,	1.0,	0.0,	23.48,	23.12,	23.0,	23.0
32.51484560966492,	1.0,	0.0,	23.48,	23.03,	23.0,	23.0
33.51840043067932,	1.0,	0.0,	23.44,	23.12,	23.0,	23.0
34.51949167251587,	1.0,	0.0,	23.48,	23.12,	23.0,	23.0
35.520331621170044,	1.0,	0.0,	23.48,	23.06,	23.0,	23.0
36.52175688743591,	1.0,	0.0,	23.48,	23.03,	23.0,	23.0
37.642006158828735,	1.0,	0.0,	23.48,	23.06,	23.0,	23.0
38.64222478866577,	1.0,	0.0,	23.48,	23.12,	23.0,	23.0
39.64311766624451,	1.0,	0.0,	23.48,	23.06,	23.0,	23.0
40.64446306228638,	1.0,	0.0,	23.48,	23.09,	23.0,	23.0
41.64535880088806,	1.0,	0.0,	23.48,	22.96,	23.0,	23.0
42.64640712738037,	1.0,	0.0,	23.48,	23.09,	23.0,	23.0
43.64786148071289,	1.0,	0.0,	23.48,	22.99,	23.0,	23.0
44.649001121520996,	1.0,	0.0,	23.48,	23.09,	23.0,	23.0
45.64986228942871,	1.0,	0.0,	23.48,	23.03,	23.0,	23.0
46.65072989463806,	1.0,	0.0,	23.48,	22.96,	23.0,	23.0
47.65120315551758,	1.0,	0.0,	23.48,	23.09,	23.0,	23.0
48.65221548080444,	1.0,	0.0,	23.48,	23.03,	23.0,	23.0
49.652947187423706,	1.0,	0.0,	23.48,	23.06,	23.0,	23.0
50.74672746658325,	1.0,	0.0,	23.48,	22.96,	23.0,	23.0
51.74916481971741,	1.0,	0.0,	23.48,	22.96,	23.0,	23.0
52.74957036972046,	1.0,	0.0,	23.48,	22.99,	23.0,	23.0
53.7504768371582,	1.0,	0.0,	23.48,	22.99,	23.0,	23.0
54.75101089477539,	1.0,	0.0,	23.48,	23.06,	23.0,	23.0
55.79514265060425,	1.0,	0.0,	23.48,	23.06,	23.0,	23.0
56.79646968841553,	1.0,	0.0,	23.48,	22.96,	23.0,	23.0
57.79809808731079,	1.0,	0.0,	23.48,	22.96,	23.0,	23.0
58.79890513420105,	1.0,	0.0,	23.48,	22.96,	23.0,	23.0
59.79987287521362,	1.0,	0.0,	23.48,	23.03,	23.0,	23.0
60.80168080329895,	1.0,	0.0,	23.48,	23.06,	23.0,	23.0
61.80263566970825,	1.0,	0.0,	23.48,	22.9,	23.0,	23.0
62.803895235061646,	1.0,	0.0,	23.48,	23.06,	23.0,	23.0
63.80673384666443,	1.0,	0.0,	23.48,	23.03,	23.0,	23.0
64.80792498588562,	1.0,	0.0,	23.51,	23.06,	23.0,	23.0
65.80921077728271,	1.0,	0.0,	23.48,	22.99,	23.0,	23.0
66.84613585472107,	1.0,	0.0,	23.48,	23.06,	23.0,	23.0
67.84674549102783,	1.0,	0.0,	23.51,	22.99,	23.0,	23.0
68.84723591804504,	1.0,	0.0,	23.57,	23.03,	23.0,	23.0
69.84819984436035,	1.0,	0.0,	23.48,	23.06,	23.0,	23.0
70.84919142723083,	1.0,	0.0,	23.54,	22.99,	23.0,	23.0
71.85016012191772,	1.0,	0.0,	23.51,	23.06,	23.0,	23.0
72.85058093070984,	1.0,	0.0,	23.61,	22.96,	23.0,	23.0
73.85193395614624,	1.0,	0.0,	23.48,	22.93,	23.0,	23.0
74.85304570198059,	1.0,	0.0,	23.64,	23.03,	23.0,	23.0
75.8540575504303,	1.0,	0.0,	23.64,	23.03,	23.0,	23.0
76.85493326187134,	1.0,	0.0,	23.57,	23.06,	23.0,	23.0
77.85544776916504,	1.0,	0.0,	23.73,	23.06,	23.0,	23.0
78.85626912117004,	1.0,	0.0,	23.67,	22.99,	23.0,	23.0
79.85740995407104,	1.0,	0.0,	23.7,	23.06,	23.0,	23.0
80.85809969902039,	1.0,	0.0,	23.7,	23.06,	23.0,	23.0
81.8585991859436,	1.0,	0.0,	23.61,	22.96,	23.0,	23.0
82.86376786231995,	1.0,	0.0,	23.73,	23.06,	23.0,	23.0
83.86511564254761,	1.0,	0.0,	23.77,	23.12,	23.0,	23.0
84.86596012115479,	1.0,	0.0,	23.73,	22.99,	23.0,	23.0
85.86726546287537,	1.0,	0.0,	23.77,	23.06,	23.0,	23.0
86.86762833595276,	1.0,	0.0,	23.77,	22.96,	23.0,	23.0
87.86832284927368,	1.0,	0.0,	23.73,	22.99,	23.0,	23.0
88.87016940116882,	1.0,	0.0,	23.77,	23.06,	23.0,	23.0
89.87238931655884,	1.0,	0.0,	23.8,	23.03,	23.0,	23.0
90.87358117103577,	1.0,	0.0,	23.77,	23.12,	23.0,	23.0
91.87480664253235,	1.0,	0.0,	23.8,	23.12,	23.0,	23.0
92.87524604797363,	1.0,	0.0,	23.77,	23.09,	23.0,	23.0
93.87657976150513,	1.0,	0.0,	23.8,	23.12,	23.0,	23.0
94.87682771682739,	1.0,	0.0,	23.8,	22.9,	23.0,	23.0
95.8776421546936,	1.0,	0.0,	23.77,	23.12,	23.0,	23.0
96.8787009716034,	1.0,	0.0,	23.8,	23.09,	23.0,	23.0
97.87994241714478,	1.0,	0.0,	23.8,	23.03,	23.0,	23.0
98.88074970245361,	1.0,	0.0,	23.8,	23.09,	23.0,	23.0
99.88166356086731,	1.0,	0.0,	23.8,	23.09,	23.0,	23.0
100.88192653656006,	1.0,	0.0,	23.8,	23.09,	23.0,	23.0
101.88275575637817,	1.0,	0.0,	23.8,	23.09,	23.0,	23.0
102.88317537307739,	1.0,	0.0,	23.8,	23.06,	23.0,	23.0
103.88400530815125,	1.0,	0.0,	23.8,	23.06,	23.0,	23.0
104.88451147079468,	1.0,	0.0,	23.8,	23.15,	23.0,	23.0
105.88582706451416,	1.0,	0.0,	23.8,	23.12,	23.0,	23.0
106.8858654499054,	1.0,	0.0,	23.8,	23.12,	23.0,	23.0
107.8866081237793,	1.0,	0.0,	23.8,	23.09,	23.0,	23.0
108.88711142539978,	1.0,	0.0,	23.8,	23.09,	23.0,	23.0
109.88717079162598,	1.0,	0.0,	23.8,	23.12,	23.0,	23.0
110.88874340057373,	1.0,	0.0,	23.8,	23.12,	23.0,	23.0
111.8893506526947,	1.0,	0.0,	23.8,	23.15,	23.0,	23.0
112.89368939399719,	1.0,	0.0,	23.8,	23.12,	23.0,	23.0
113.89530920982361,	1.0,	0.0,	23.8,	23.15,	23.0,	23.0
114.89635491371155,	1.0,	0.0,	23.8,	23.15,	23.0,	23.0
115.89771270751953,	1.0,	0.0,	23.8,	23.12,	23.0,	23.0
116.89882397651672,	1.0,	0.0,	23.8,	23.15,	23.0,	23.0
117.8997688293457,	1.0,	0.0,	23.8,	23.09,	23.0,	23.0
118.9005389213562,	1.0,	0.0,	23.8,	23.06,	23.0,	23.0
119.90314197540283,	1.0,	0.0,	23.8,	23.15,	23.0,	23.0
120.90433526039124,	1.0,	0.0,	23.8,	23.15,	23.0,	23.0
121.90476202964783,	1.0,	0.0,	23.8,	23.15,	23.0,	23.0
122.90582919120789,	1.0,	0.0,	23.8,	23.15,	23.0,	23.0
123.90649247169495,	1.0,	0.0,	23.8,	23.12,	23.0,	23.0
124.90715408325195,	1.0,	0.0,	23.8,	23.15,	23.0,	23.0
125.9088339805603,	1.0,	0.0,	23.8,	23.15,	23.0,	23.0
126.90914964675903,	1.0,	0.0,	23.8,	23.12,	23.0,	23.0
127.90982913970947,	1.0,	0.0,	23.8,	23.15,	23.0,	23.0
128.91147780418396,	1.0,	0.0,	23.8,	23.15,	23.0,	23.0
129.91214179992676,	1.0,	0.0,	23.83,	23.12,	23.0,	23.0
130.91319227218628,	1.0,	0.0,	23.8,	23.15,	23.0,	23.0
131.9142587184906,	1.0,	0.0,	23.8,	23.15,	23.0,	23.0
132.9156472682953,	1.0,	0.0,	23.8,	23.15,	23.0,	23.0
133.9171175956726,	1.0,	0.0,	23.83,	23.15,	23.0,	23.0
134.9212543964386,	1.0,	0.0,	23.83,	23.15,	23.0,	23.0
135.92211604118347,	1.0,	0.0,	23.86,	23.15,	23.0,	23.0
136.92339777946472,	1.0,	0.0,	23.8,	23.15,	23.0,	23.0
137.95902848243713,	1.0,	0.0,	23.86,	23.15,	23.0,	23.0
138.9594464302063,	1.0,	0.0,	23.8,	23.15,	23.0,	23.0
139.9599847793579,	1.0,	0.0,	23.8,	23.15,	23.0,	23.0
140.96142101287842,	1.0,	0.0,	23.86,	23.15,	23.0,	23.0
141.9623737335205,	1.0,	0.0,	23.86,	23.15,	23.0,	23.0
142.96325588226318,	1.0,	0.0,	23.83,	23.15,	23.0,	23.0
143.96452045440674,	1.0,	0.0,	23.93,	23.15,	23.0,	23.0
144.9658637046814,	1.0,	0.0,	23.83,	23.12,	23.0,	23.0
145.9666872024536,	1.0,	0.0,	23.86,	23.15,	23.0,	23.0
146.96770238876343,	1.0,	0.0,	23.93,	23.15,	23.0,	23.0
147.96894240379333,	1.0,	0.0,	23.86,	23.15,	23.0,	23.0
148.96974778175354,	1.0,	0.0,	23.86,	23.15,	23.0,	23.0
149.97070240974426,	1.0,	0.0,	23.96,	23.15,	23.0,	23.0
150.97173070907593,	1.0,	0.0,	23.86,	23.15,	23.0,	23.0
151.97277522087097,	1.0,	0.0,	23.99,	23.15,	23.0,	23.0
152.9736602306366,	1.0,	0.0,	23.86,	23.15,	23.0,	23.0
153.97502827644348,	1.0,	0.0,	23.86,	23.15,	23.0,	23.0
154.97649884223938,	1.0,	0.0,	23.99,	23.15,	23.0,	23.0
155.97756624221802,	1.0,	0.0,	23.99,	23.15,	23.0,	23.0
156.977881193161,	1.0,	0.0,	23.96,	23.15,	23.0,	23.0
157.97880506515503,	1.0,	0.0,	24.02,	23.15,	23.0,	23.0
158.9801504611969,	1.0,	0.0,	23.99,	23.15,	23.0,	23.0
159.98059821128845,	1.0,	0.0,	23.96,	23.15,	23.0,	23.0
160.98173356056213,	1.0,	0.0,	24.02,	23.15,	23.0,	23.0
161.9818994998932,	1.0,	0.0,	23.99,	23.15,	23.0,	23.0
162.98210740089417,	1.0,	0.0,	23.99,	23.15,	23.0,	23.0
163.9835512638092,	1.0,	0.0,	24.02,	23.15,	23.0,	23.0
164.98432230949402,	1.0,	0.0,	24.09,	23.15,	23.0,	23.0
165.98562502861023,	1.0,	0.0,	24.06,	23.15,	23.0,	23.0
166.98592281341553,	1.0,	0.0,	24.09,	23.15,	23.0,	23.0
167.98692917823792,	1.0,	0.0,	24.06,	23.15,	23.0,	23.0
168.98766016960144,	1.0,	0.0,	24.02,	23.15,	23.0,	23.0
169.98850893974304,	1.0,	0.0,	24.06,	23.15,	23.0,	23.0
170.98996949195862,	1.0,	0.0,	24.09,	23.15,	23.0,	23.0
171.99089789390564,	1.0,	0.0,	24.09,	23.15,	23.0,	23.0
173.04982089996338,	1.0,	0.0,	24.12,	23.15,	23.0,	23.0
174.05126237869263,	1.0,	0.0,	24.02,	23.15,	23.0,	23.0
175.0528588294983,	1.0,	0.0,	24.12,	23.15,	23.0,	23.0
176.05388808250427,	1.0,	0.0,	24.12,	23.15,	23.0,	23.0
177.05517601966858,	1.0,	0.0,	24.12,	23.15,	23.0,	23.0
178.05577087402344,	1.0,	0.0,	24.12,	23.15,	23.0,	23.0
179.05680418014526,	1.0,	0.0,	24.06,	23.15,	23.0,	23.0
180.05730319023132,	1.0,	0.0,	24.12,	23.15,	23.0,	23.0
181.05802750587463,	1.0,	0.0,	24.12,	23.15,	23.0,	23.0
182.05843687057495,	1.0,	0.0,	24.12,	23.15,	23.0,	23.0
183.05890464782715,	1.0,	0.0,	24.09,	23.15,	23.0,	23.0
184.05952048301697,	1.0,	0.0,	24.12,	23.15,	23.0,	23.0
185.0608069896698,	1.0,	0.0,	24.12,	23.15,	23.0,	23.0
186.0621817111969,	1.0,	0.0,	24.12,	23.15,	23.0,	23.0
187.0636818408966,	1.0,	0.0,	24.12,	23.15,	23.0,	23.0
188.064799785614,	1.0,	0.0,	24.12,	23.15,	23.0,	23.0
189.0654661655426,	1.0,	0.0,	24.12,	23.15,	23.0,	23.0
190.06720209121704,	1.0,	0.0,	24.12,	23.15,	23.0,	23.0
191.0679326057434,	1.0,	0.0,	24.12,	23.15,	23.0,	23.0
192.0689721107483,	1.0,	0.0,	24.12,	23.15,	23.0,	23.0
193.07039737701416,	1.0,	0.0,	24.12,	23.15,	23.0,	23.0
194.0715308189392,	1.0,	0.0,	24.12,	23.15,	23.0,	23.0
195.0726239681244,	1.0,	0.0,	24.12,	23.15,	23.0,	23.0
196.07298874855042,	1.0,	0.0,	24.12,	23.15,	23.0,	23.0
197.07395386695862,	1.0,	0.0,	24.12,	23.15,	23.0,	23.0
198.0742859840393,	1.0,	0.0,	24.12,	23.15,	23.0,	23.0
199.0754942893982,	1.0,	0.0,	24.12,	23.15,	23.0,	23.0
200.0764775276184,	1.0,	0.0,	24.12,	23.15,	23.0,	23.0
201.07751035690308,	1.0,	0.0,	24.12,	23.15,	23.0,	23.0
202.07796144485474,	1.0,	0.0,	24.12,	23.15,	23.0,	23.0
203.0785882472992,	1.0,	0.0,	24.12,	23.15,	23.0,	23.0
204.07961010932922,	1.0,	0.0,	24.12,	23.15,	23.0,	23.0
205.0805206298828,	1.0,	0.0,	24.12,	23.15,	23.0,	23.0
206.13487768173218,	1.0,	0.0,	24.12,	23.15,	23.0,	23.0
207.13627791404724,	1.0,	0.0,	24.12,	23.15,	23.0,	23.0
208.13703680038452,	1.0,	0.0,	24.12,	23.15,	23.0,	23.0
209.1377546787262,	1.0,	0.0,	24.12,	23.15,	23.0,	23.0
210.13928604125977,	1.0,	0.0,	24.12,	23.15,	23.0,	23.0
211.13989853858948,	1.0,	0.0,	24.12,	23.15,	23.0,	23.0
212.23108887672424,	1.0,	0.0,	24.12,	23.15,	23.0,	23.0
213.31389260292053,	1.0,	0.0,	24.12,	23.15,	23.0,	23.0
214.31504273414612,	1.0,	0.0,	24.12,	23.15,	23.0,	23.0
215.3154547214508,	1.0,	0.0,	24.12,	23.15,	23.0,	23.0
216.3159191608429,	1.0,	0.0,	24.12,	23.15,	23.0,	23.0
217.3166537284851,	1.0,	0.0,	24.12,	23.15,	23.0,	23.0
218.3175163269043,	1.0,	0.0,	24.12,	23.15,	23.0,	23.0
219.31854844093323,	1.0,	0.0,	24.12,	23.15,	23.0,	23.0
220.31863117218018,	1.0,	0.0,	24.12,	23.15,	23.0,	23.0
221.3187644481659,	1.0,	0.0,	24.12,	23.15,	23.0,	23.0
222.31932592391968,	1.0,	0.0,	24.12,	23.15,	23.0,	23.0
223.3197672367096,	1.0,	0.0,	24.12,	23.15,	23.0,	23.0
224.32005333900452,	1.0,	0.0,	24.12,	23.15,	23.0,	23.0
225.42875623703003,	1.0,	0.0,	24.12,	23.15,	23.0,	23.0
226.42926907539368,	1.0,	0.0,	24.12,	23.22,	23.0,	23.0
227.4304051399231,	1.0,	0.0,	24.12,	23.19,	23.0,	23.0
228.43182587623596,	1.0,	0.0,	24.15,	23.15,	23.0,	23.0
229.53202152252197,	1.0,	0.0,	24.12,	23.19,	23.0,	23.0
230.53679418563843,	1.0,	0.0,	24.12,	23.15,	23.0,	23.0
231.53795409202576,	1.0,	0.0,	24.12,	23.25,	23.0,	23.0
232.5390202999115,	1.0,	0.0,	24.12,	23.15,	23.0,	23.0
233.5481779575348,	1.0,	0.0,	24.12,	23.15,	23.0,	23.0
234.54906725883484,	1.0,	0.0,	24.12,	23.19,	23.0,	23.0
235.54951763153076,	1.0,	0.0,	24.12,	23.19,	23.0,	23.0
236.5571253299713,	1.0,	0.0,	24.12,	23.15,	23.0,	23.0
237.55890464782715,	1.0,	0.0,	24.12,	23.15,	23.0,	23.0
238.56856107711792,	1.0,	0.0,	24.12,	23.15,	23.0,	23.0
239.56998252868652,	1.0,	0.0,	24.15,	23.22,	23.0,	23.0
240.57108283042908,	1.0,	0.0,	24.15,	23.25,	23.0,	23.0
241.57211470603943,	1.0,	0.0,	24.15,	23.19,	23.0,	23.0
242.57369780540466,	1.0,	0.0,	24.15,	23.19,	23.0,	23.0
243.57451820373535,	1.0,	0.0,	24.12,	23.25,	23.0,	23.0
244.57544469833374,	1.0,	0.0,	24.12,	23.15,	23.0,	23.0
245.58034110069275,	1.0,	0.0,	24.15,	23.15,	23.0,	23.0
246.58077359199524,	1.0,	0.0,	24.19,	23.22,	23.0,	23.0
247.58166646957397,	1.0,	0.0,	24.15,	23.19,	23.0,	23.0
248.58258080482483,	1.0,	0.0,	24.22,	23.15,	23.0,	23.0
249.6101109981537,	1.0,	0.0,	24.15,	23.19,	23.0,	23.0
250.61359024047852,	1.0,	0.0,	24.12,	23.19,	23.0,	23.0
251.61464715003967,	1.0,	0.0,	24.19,	23.19,	23.0,	23.0
252.6152515411377,	1.0,	0.0,	24.15,	23.28,	23.0,	23.0
253.61581945419312,	1.0,	0.0,	24.12,	23.22,	23.0,	23.0
254.61640238761902,	1.0,	0.0,	24.12,	23.19,	23.0,	23.0
255.65371298789978,	1.0,	0.0,	24.12,	23.22,	23.0,	23.0
256.65468430519104,	1.0,	0.0,	24.19,	23.22,	23.0,	23.0
257.65540051460266,	1.0,	0.0,	24.15,	23.22,	23.0,	23.0
258.6569173336029,	1.0,	0.0,	24.15,	23.32,	23.0,	23.0
259.7712461948395,	1.0,	0.0,	24.15,	23.25,	23.0,	23.0
260.7721745967865,	1.0,	0.0,	24.12,	23.25,	23.0,	23.0
261.7726082801819,	1.0,	0.0,	24.22,	23.25,	23.0,	23.0
262.77444553375244,	1.0,	0.0,	24.12,	23.22,	23.0,	23.0
263.77574825286865,	1.0,	0.0,	24.19,	23.28,	23.0,	23.0
264.7767446041107,	1.0,	0.0,	24.19,	23.28,	23.0,	23.0
265.7777659893036,	1.0,	0.0,	24.15,	23.25,	23.0,	23.0
266.7780730724335,	1.0,	0.0,	24.22,	23.35,	23.0,	23.0
267.7784867286682,	1.0,	0.0,	24.15,	23.32,	23.0,	23.0
268.7791121006012,	1.0,	0.0,	24.25,	23.25,	23.0,	23.0
269.78014945983887,	1.0,	0.0,	24.19,	23.41,	23.0,	23.0
270.7810597419739,	1.0,	0.0,	24.19,	23.28,	23.0,	23.0
271.7823164463043,	1.0,	0.0,	24.22,	23.28,	23.0,	23.0
272.78424286842346,	1.0,	0.0,	24.12,	23.41,	23.0,	23.0
273.7854814529419,	1.0,	0.0,	24.12,	23.38,	23.0,	23.0
274.81302785873413,	1.0,	0.0,	24.15,	23.22,	23.0,	23.0
275.81399059295654,	1.0,	0.0,	24.12,	23.22,	23.0,	23.0
276.8144233226776,	1.0,	0.0,	24.12,	23.25,	23.0,	23.0
277.8215436935425,	1.0,	0.0,	24.15,	23.35,	23.0,	23.0
278.82244515419006,	1.0,	0.0,	24.19,	23.41,	23.0,	23.0
279.86936497688293,	1.0,	0.0,	24.22,	23.38,	23.0,	23.0
280.870240688324,	1.0,	0.0,	24.15,	23.41,	23.0,	23.0
281.8708736896515,	1.0,	0.0,	24.15,	23.41,	23.0,	23.0
282.8716824054718,	1.0,	0.0,	24.25,	23.41,	23.0,	23.0
283.87225818634033,	1.0,	0.0,	24.15,	23.41,	23.0,	23.0
284.8736412525177,	1.0,	0.0,	24.19,	23.38,	23.0,	23.0
285.8746089935303,	1.0,	0.0,	24.22,	23.44,	23.0,	23.0
286.87495517730713,	1.0,	0.0,	24.25,	23.41,	23.0,	23.0
287.8763585090637,	1.0,	0.0,	24.22,	23.35,	23.0,	23.0
288.87693667411804,	1.0,	0.0,	24.28,	23.38,	23.0,	23.0
289.8781714439392,	1.0,	0.0,	24.12,	23.41,	23.0,	23.0
290.8791675567627,	1.0,	0.0,	24.25,	23.41,	23.0,	23.0
291.8803069591522,	1.0,	0.0,	24.22,	23.41,	23.0,	23.0
292.88123774528503,	1.0,	0.0,	24.31,	23.44,	23.0,	23.0
293.88189816474915,	1.0,	0.0,	24.22,	23.44,	23.0,	23.0
294.8827950954437,	1.0,	0.0,	24.25,	23.48,	23.0,	23.0
295.8837115764618,	1.0,	0.0,	24.28,	23.38,	23.0,	23.0
296.88433384895325,	1.0,	0.0,	24.22,	23.44,	23.0,	23.0
297.8851194381714,	1.0,	0.0,	24.31,	23.48,	23.0,	23.0
298.88593077659607,	1.0,	0.0,	24.25,	23.44,	23.0,	23.0
299.8867390155792,	1.0,	0.0,	24.25,	23.44,	23.0,	23.0
300.88768434524536,	1.0,	0.0,	24.41,	23.48,	23.0,	23.0
301.88899421691895,	1.0,	0.75,	24.31,	23.44,	23.0,	23.0
302.88961935043335,	1.0,	0.75,	24.35,	23.48,	23.0,	23.0
303.890506029129,	1.0,	0.75,	24.31,	23.44,	23.0,	23.0
304.8914587497711,	1.0,	0.75,	24.22,	23.48,	23.0,	23.0
305.8920531272888,	1.0,	0.75,	24.38,	23.48,	23.0,	23.0
306.8926029205322,	1.0,	0.75,	24.41,	23.44,	23.0,	23.0
307.8930366039276,	1.0,	0.75,	24.35,	23.48,	23.0,	23.0
308.89594864845276,	1.0,	0.75,	24.35,	23.48,	23.0,	23.0
309.8974668979645,	1.0,	0.75,	24.38,	23.48,	23.0,	23.0
310.90130972862244,	1.0,	0.75,	24.35,	23.44,	23.0,	23.0
311.90290331840515,	1.0,	0.75,	24.41,	23.48,	23.0,	23.0
312.90299105644226,	1.0,	0.75,	24.35,	23.48,	23.0,	23.0
313.90370988845825,	1.0,	0.75,	24.35,	23.48,	23.0,	23.0
314.90417289733887,	1.0,	0.75,	24.38,	23.48,	23.0,	23.0
315.90959000587463,	1.0,	0.75,	24.44,	23.48,	23.0,	23.0
316.91056871414185,	1.0,	0.75,	24.44,	23.48,	23.0,	23.0
317.9124095439911,	1.0,	0.75,	24.38,	23.48,	23.0,	23.0
318.91270089149475,	1.0,	0.75,	24.44,	23.48,	23.0,	23.0
319.913213968277,	1.0,	0.75,	24.41,	23.48,	23.0,	23.0
320.9158215522766,	1.0,	0.75,	24.44,	23.48,	23.0,	23.0
321.91620898246765,	1.0,	0.75,	24.41,	23.48,	23.0,	23.0
322.9170467853546,	1.0,	0.75,	24.41,	23.48,	23.0,	23.0
323.91875410079956,	1.0,	0.75,	24.41,	23.48,	23.0,	23.0
324.9205014705658,	1.0,	0.75,	24.41,	23.44,	23.0,	23.0
325.92152881622314,	1.0,	0.75,	24.44,	23.48,	23.0,	23.0
326.92303919792175,	1.0,	0.75,	24.38,	23.48,	23.0,	23.0
327.92355155944824,	1.0,	0.75,	24.44,	23.48,	23.0,	23.0
328.924693107605,	1.0,	0.75,	24.38,	23.44,	23.0,	23.0
329.9259903430939,	1.0,	0.75,	24.44,	23.48,	23.0,	23.0
330.9268820285797,	1.0,	0.75,	24.44,	23.48,	23.0,	23.0
331.92752718925476,	1.0,	0.75,	24.44,	23.48,	23.0,	23.0
332.9285526275635,	1.0,	0.75,	24.44,	23.48,	23.0,	23.0
333.9292109012604,	1.0,	0.75,	24.44,	23.48,	23.0,	23.0
334.9305889606476,	1.0,	0.75,	24.44,	23.48,	23.0,	23.0
335.9312379360199,	1.0,	0.75,	24.44,	23.48,	23.0,	23.0
336.93261528015137,	1.0,	0.75,	24.44,	23.48,	23.0,	23.0
337.93520522117615,	1.0,	0.75,	24.44,	23.48,	23.0,	23.0
338.9365499019623,	1.0,	0.75,	24.44,	23.48,	23.0,	23.0
339.93688011169434,	1.0,	0.75,	24.44,	23.48,	23.0,	23.0
340.9374442100525,	1.0,	0.75,	24.44,	23.48,	23.0,	23.0
341.93792366981506,	1.0,	0.75,	24.41,	23.48,	23.0,	23.0
342.9393482208252,	1.0,	0.75,	24.44,	23.48,	23.0,	23.0
343.94438338279724,	1.0,	0.75,	24.44,	23.48,	23.0,	23.0
344.94505548477173,	1.0,	0.75,	24.44,	23.48,	23.0,	23.0
345.9456629753113,	1.0,	0.75,	24.44,	23.48,	23.0,	23.0
346.94689893722534,	1.0,	0.75,	24.44,	23.48,	23.0,	23.0
347.9478237628937,	1.0,	0.75,	24.44,	23.48,	23.0,	23.0
348.9481997489929,	1.0,	0.75,	24.44,	23.48,	23.0,	23.0
349.94899916648865,	1.0,	0.75,	24.44,	23.48,	23.0,	23.0
350.9499053955078,	1.0,	0.75,	24.41,	23.48,	23.0,	23.0
351.95064210891724,	1.0,	0.75,	24.44,	23.48,	23.0,	23.0
352.9513454437256,	1.0,	0.75,	24.44,	23.48,	23.0,	23.0
353.9517116546631,	1.0,	0.75,	24.44,	23.48,	23.0,	23.0
354.95283555984497,	1.0,	0.75,	24.44,	23.48,	23.0,	23.0
355.9542589187622,	1.0,	0.75,	24.44,	23.48,	23.0,	23.0
356.98792457580566,	1.0,	0.75,	24.44,	23.48,	23.0,	23.0
357.98885893821716,	1.0,	0.75,	24.44,	23.48,	23.0,	23.0
358.9898781776428,	1.0,	0.75,	24.44,	23.48,	23.0,	23.0
359.9904320240021,	1.0,	0.75,	24.44,	23.44,	23.0,	23.0
360.99103260040283,	1.0,	0.75,	24.44,	23.48,	23.0,	23.0
361.99222111701965,	1.0,	0.75,	24.44,	23.48,	23.0,	23.0
362.99368715286255,	1.0,	0.75,	24.44,	23.48,	23.0,	23.0
363.99452805519104,	1.0,	0.75,	24.44,	23.48,	23.0,	23.0
364.9949903488159,	1.0,	0.75,	24.44,	23.48,	23.0,	23.0
365.99649000167847,	1.0,	0.75,	24.44,	23.48,	23.0,	23.0
366.99706959724426,	1.0,	0.75,	24.44,	23.48,	23.0,	23.0
368.01006174087524,	1.0,	0.75,	24.44,	23.48,	23.0,	23.0
369.01103138923645,	1.0,	0.75,	24.44,	23.48,	23.0,	23.0
370.0113892555237,	1.0,	0.75,	24.44,	23.48,	23.0,	23.0
371.0128960609436,	1.0,	0.75,	24.44,	23.48,	23.0,	23.0
372.0138273239136,	1.0,	0.75,	24.44,	23.48,	23.0,	23.0
373.01475763320923,	1.0,	0.75,	24.44,	23.48,	23.0,	23.0
374.0212712287903,	1.0,	0.75,	24.44,	23.48,	23.0,	23.0
375.0216507911682,	1.0,	0.75,	24.44,	23.48,	23.0,	23.0
376.02191972732544,	1.0,	0.75,	24.44,	23.48,	23.0,	23.0
377.0223388671875,	1.0,	0.75,	24.44,	23.48,	23.0,	23.0
378.02467608451843,	1.0,	0.75,	24.44,	23.48,	23.0,	23.0
379.0259997844696,	1.0,	0.75,	24.44,	23.48,	23.0,	23.0
380.02741599082947,	1.0,	0.75,	24.44,	23.48,	23.0,	23.0
381.0279438495636,	1.0,	0.75,	24.44,	23.48,	23.0,	23.0
382.0290472507477,	1.0,	0.75,	24.44,	23.48,	23.0,	23.0
383.0774827003479,	1.0,	0.75,	24.44,	23.48,	23.0,	23.0
384.0787501335144,	1.0,	0.75,	24.44,	23.48,	23.0,	23.0
385.07981729507446,	1.0,	0.75,	24.44,	23.48,	23.0,	23.0
386.14527893066406,	1.0,	0.75,	24.44,	23.48,	23.0,	23.0
387.14643597602844,	1.0,	0.75,	24.44,	23.48,	23.0,	23.0
388.14755368232727,	1.0,	0.75,	24.44,	23.48,	23.0,	23.0
389.14835834503174,	1.0,	0.75,	24.44,	23.48,	23.0,	23.0
390.15006494522095,	1.0,	0.75,	24.44,	23.48,	23.0,	23.0
391.15069794654846,	1.0,	0.75,	24.44,	23.48,	23.0,	23.0
392.15209698677063,	1.0,	0.75,	24.44,	23.48,	23.0,	23.0
393.1533901691437,	1.0,	0.75,	24.44,	23.48,	23.0,	23.0
394.1540129184723,	1.0,	0.75,	24.44,	23.48,	23.0,	23.0
395.1552209854126,	1.0,	0.75,	24.44,	23.48,	23.0,	23.0
396.1554436683655,	1.0,	0.75,	24.44,	23.48,	23.0,	23.0
397.1570107936859,	1.0,	0.75,	24.44,	23.48,	23.0,	23.0
398.1582157611847,	1.0,	0.75,	24.44,	23.48,	23.0,	23.0
399.1600732803345,	1.0,	0.75,	24.44,	23.48,	23.0,	23.0
400.16048312187195,	1.0,	0.75,	24.44,	23.48,	23.0,	23.0
401.1613063812256,	1.0,	0.75,	24.44,	23.48,	23.0,	23.0
402.16173577308655,	1.0,	0.75,	24.44,	23.48,	23.0,	23.0
403.16240906715393,	1.0,	0.75,	24.44,	23.48,	23.0,	23.0
404.1631727218628,	1.0,	0.75,	24.44,	23.48,	23.0,	23.0
405.16439843177795,	1.0,	0.75,	24.44,	23.48,	23.0,	23.0
406.1653392314911,	1.0,	0.75,	24.44,	23.48,	23.0,	23.0
407.1669087409973,	1.0,	0.75,	24.44,	23.48,	23.0,	23.0
408.1678214073181,	1.0,	0.75,	24.44,	23.48,	23.0,	23.0
409.1685028076172,	1.0,	0.75,	24.44,	23.48,	23.0,	23.0
410.1691870689392,	1.0,	0.75,	24.44,	23.48,	23.0,	23.0
411.1701877117157,	1.0,	0.75,	24.44,	23.48,	23.0,	23.0
412.17346143722534,	1.0,	0.75,	24.44,	23.48,	23.0,	23.0
413.1747703552246,	1.0,	0.75,	24.44,	23.48,	23.0,	23.0
414.17592763900757,	1.0,	0.75,	24.44,	23.48,	23.0,	23.0
415.17645144462585,	1.0,	0.75,	24.44,	23.48,	23.0,	23.0
416.17677307128906,	1.0,	0.75,	24.44,	23.48,	23.0,	23.0
417.1782431602478,	1.0,	0.75,	24.44,	23.48,	23.0,	23.0
418.17877650260925,	1.0,	0.75,	24.44,	23.48,	23.0,	23.0
419.17963433265686,	1.0,	0.75,	24.44,	23.48,	23.0,	23.0
420.18042945861816,	1.0,	0.75,	24.44,	23.48,	23.0,	23.0
421.18185329437256,	1.0,	0.75,	24.44,	23.48,	23.0,	23.0
422.18267822265625,	1.0,	0.75,	24.44,	23.48,	23.0,	23.0
423.1833870410919,	1.0,	0.75,	24.44,	23.48,	23.0,	23.0
424.1843123435974,	1.0,	0.75,	24.44,	23.48,	23.0,	23.0
425.1854498386383,	1.0,	0.75,	24.44,	23.48,	23.0,	23.0
426.1864483356476,	1.0,	0.75,	24.44,	23.48,	23.0,	23.0
427.1874976158142,	1.0,	0.75,	24.44,	23.48,	23.0,	23.0
428.1890745162964,	1.0,	0.75,	24.44,	23.48,	23.0,	23.0
429.19017243385315,	1.0,	0.75,	24.44,	23.48,	23.0,	23.0
430.1910090446472,	1.0,	0.75,	24.44,	23.48,	23.0,	23.0
431.1913342475891,	1.0,	0.75,	24.44,	23.48,	23.0,	23.0
432.1923885345459,	1.0,	0.75,	24.44,	23.48,	23.0,	23.0
433.19348192214966,	1.0,	0.75,	24.44,	23.48,	23.0,	23.0
434.1948838233948,	1.0,	0.75,	24.44,	23.48,	23.0,	23.0
435.1955065727234,	1.0,	0.75,	24.44,	23.48,	23.0,	23.0
436.196311712265,	1.0,	0.75,	24.44,	23.48,	23.0,	23.0
437.1969771385193,	1.0,	0.75,	24.44,	23.48,	23.0,	23.0
438.19751596450806,	1.0,	0.75,	24.44,	23.48,	23.0,	23.0
439.1983425617218,	1.0,	0.75,	24.44,	23.48,	23.0,	23.0
440.1996958255768,	1.0,	0.75,	24.44,	23.48,	23.0,	23.0
441.20077776908875,	1.0,	0.75,	24.44,	23.48,	23.0,	23.0
442.2015280723572,	1.0,	0.75,	24.44,	23.48,	23.0,	23.0
443.20254945755005,	1.0,	0.75,	24.44,	23.48,	23.0,	23.0
444.20333218574524,	1.0,	0.75,	24.44,	23.48,	23.0,	23.0
445.20469903945923,	1.0,	0.75,	24.44,	23.48,	23.0,	23.0
446.2061765193939,	1.0,	0.75,	24.44,	23.48,	23.0,	23.0
447.20673632621765,	1.0,	0.75,	24.44,	23.48,	23.0,	23.0
448.20782709121704,	1.0,	0.75,	24.44,	23.48,	23.0,	23.0
449.208261013031,	1.0,	0.75,	24.44,	23.48,	23.0,	23.0
450.20926213264465,	1.0,	0.75,	24.44,	23.48,	23.0,	23.0
451.21009612083435,	1.0,	0.75,	24.44,	23.48,	23.0,	23.0
452.21132707595825,	1.0,	0.75,	24.44,	23.48,	23.0,	23.0
453.21222853660583,	1.0,	0.75,	24.44,	23.48,	23.0,	23.0
454.21313858032227,	1.0,	0.75,	24.48,	23.48,	23.0,	23.0
455.21467995643616,	1.0,	0.75,	24.44,	23.48,	23.0,	23.0
456.2158393859863,	1.0,	0.75,	24.44,	23.48,	23.0,	23.0
457.21746587753296,	1.0,	0.75,	24.44,	23.48,	23.0,	23.0
458.21847796440125,	1.0,	0.75,	24.44,	23.48,	23.0,	23.0
459.22067189216614,	1.0,	0.75,	24.48,	23.48,	23.0,	23.0
460.22078371047974,	1.0,	0.75,	24.48,	23.48,	23.0,	23.0
461.2214961051941,	1.0,	0.75,	24.48,	23.48,	23.0,	23.0
462.22281861305237,	1.0,	0.75,	24.44,	23.48,	23.0,	23.0
463.22374629974365,	1.0,	0.75,	24.44,	23.48,	23.0,	23.0
464.22464179992676,	1.0,	0.75,	24.44,	23.48,	23.0,	23.0
465.22652435302734,	1.0,	0.75,	24.44,	23.48,	23.0,	23.0
466.22798919677734,	1.0,	0.75,	24.44,	23.48,	23.0,	23.0
467.22978949546814,	1.0,	0.75,	24.44,	23.48,	23.0,	23.0
468.2305567264557,	1.0,	0.75,	24.48,	23.48,	23.0,	23.0
469.2324821949005,	1.0,	0.75,	24.51,	23.48,	23.0,	23.0
470.23339676856995,	1.0,	0.75,	24.48,	23.48,	23.0,	23.0
471.23452162742615,	1.0,	0.75,	24.44,	23.48,	23.0,	23.0
472.23570489883423,	1.0,	0.75,	24.44,	23.48,	23.0,	23.0
473.2366292476654,	1.0,	0.75,	24.44,	23.48,	23.0,	23.0
474.2375819683075,	1.0,	0.75,	24.44,	23.48,	23.0,	23.0
475.238792181015,	1.0,	0.75,	24.44,	23.48,	23.0,	23.0
476.24459648132324,	1.0,	0.75,	24.44,	23.48,	23.0,	23.0
477.2452139854431,	1.0,	0.75,	24.44,	23.48,	23.0,	23.0
478.2462320327759,	1.0,	0.75,	24.44,	23.48,	23.0,	23.0
479.2471947669983,	1.0,	0.75,	24.51,	23.48,	23.0,	23.0
480.24771428108215,	1.0,	0.75,	24.48,	23.48,	23.0,	23.0
481.2493679523468,	1.0,	0.75,	24.44,	23.48,	23.0,	23.0
482.2497491836548,	1.0,	0.75,	24.51,	23.48,	23.0,	23.0
483.2506766319275,	1.0,	0.75,	24.48,	23.48,	23.0,	23.0
484.25210070610046,	1.0,	0.75,	24.44,	23.48,	23.0,	23.0
485.2521936893463,	1.0,	0.75,	24.51,	23.48,	23.0,	23.0
486.25289821624756,	1.0,	0.75,	24.51,	23.48,	23.0,	23.0
487.2545232772827,	1.0,	0.75,	24.48,	23.48,	23.0,	23.0
488.25541639328003,	1.0,	0.75,	24.48,	23.48,	23.0,	23.0
489.2562880516052,	1.0,	0.75,	24.48,	23.48,	23.0,	23.0
490.2577180862427,	1.0,	0.75,	24.48,	23.48,	23.0,	23.0
491.25825905799866,	1.0,	0.75,	24.44,	23.48,	23.0,	23.0
492.25891971588135,	1.0,	0.75,	24.48,	23.48,	23.0,	23.0
493.2597873210907,	1.0,	0.75,	24.51,	23.48,	23.0,	23.0
494.26008319854736,	1.0,	0.75,	24.48,	23.48,	23.0,	23.0
495.2609522342682,	1.0,	0.75,	24.48,	23.48,	23.0,	23.0
496.26185607910156,	1.0,	0.75,	24.48,	23.48,	23.0,	23.0
497.2630307674408,	1.0,	0.75,	24.51,	23.48,	23.0,	23.0
498.2639982700348,	1.0,	0.75,	24.48,	23.48,	23.0,	23.0
499.2651071548462,	1.0,	0.75,	24.51,	23.48,	23.0,	23.0
500.2662467956543,	1.0,	0.75,	24.51,	23.48,	23.0,	23.0
501.2667796611786,	1.0,	0.75,	24.44,	23.48,	23.0,	23.0
502.2675495147705,	1.0,	0.75,	24.54,	23.51,	23.0,	23.0
503.26806116104126,	1.0,	0.75,	24.48,	23.48,	23.0,	23.0
504.2687225341797,	1.0,	0.75,	24.44,	23.48,	23.0,	23.0
505.26974606513977,	1.0,	0.75,	24.44,	23.48,	23.0,	23.0
506.27066349983215,	1.0,	0.75,	24.48,	23.48,	23.0,	23.0
507.271767616272,	1.0,	0.75,	24.44,	23.48,	23.0,	23.0
508.27257466316223,	1.0,	0.75,	24.48,	23.48,	23.0,	23.0
509.2733449935913,	1.0,	0.75,	24.54,	23.48,	23.0,	23.0
510.2744560241699,	1.0,	0.75,	24.57,	23.48,	23.0,	23.0
511.2755374908447,	1.0,	0.75,	24.51,	23.48,	23.0,	23.0
512.2768974304199,	1.0,	0.75,	24.54,	23.48,	23.0,	23.0
513.2776837348938,	1.0,	0.75,	24.48,	23.54,	23.0,	23.0
514.2788014411926,	1.0,	0.75,	24.51,	23.51,	23.0,	23.0
515.2799165248871,	1.0,	0.75,	24.48,	23.48,	23.0,	23.0
516.2808191776276,	1.0,	0.75,	24.51,	23.48,	23.0,	23.0
517.2815599441528,	1.0,	0.75,	24.57,	23.48,	23.0,	23.0
518.2822122573853,	1.0,	0.75,	24.51,	23.48,	23.0,	23.0
519.2836935520172,	1.0,	0.75,	24.67,	23.51,	23.0,	23.0
520.2850656509399,	1.0,	0.75,	24.51,	23.48,	23.0,	23.0
521.2862560749054,	1.0,	0.75,	24.54,	23.48,	23.0,	23.0
522.2868721485138,	1.0,	0.75,	24.44,	23.48,	23.0,	23.0
523.2886176109314,	1.0,	0.75,	24.51,	23.51,	23.0,	23.0
524.2893810272217,	1.0,	0.75,	24.48,	23.48,	23.0,	23.0
525.2899119853973,	1.0,	0.75,	24.48,	23.48,	23.0,	23.0
526.2905645370483,	1.0,	0.75,	24.54,	23.48,	23.0,	23.0
527.2908139228821,	1.0,	0.75,	24.48,	23.48,	23.0,	23.0
528.2918269634247,	1.0,	0.75,	24.51,	23.51,	23.0,	23.0
529.293185710907,	1.0,	0.75,	24.51,	23.48,	23.0,	23.0
530.293694972992,	1.0,	0.75,	24.54,	23.48,	23.0,	23.0
531.294341802597,	1.0,	0.75,	24.51,	23.48,	23.0,	23.0
532.294771194458,	1.0,	0.75,	24.57,	23.51,	23.0,	23.0
533.3009104728699,	1.0,	0.75,	24.54,	23.51,	23.0,	23.0
534.3024351596832,	1.0,	0.75,	24.54,	23.51,	23.0,	23.0
535.3035442829132,	1.0,	0.75,	24.6,	23.48,	23.0,	23.0
536.3048319816589,	1.0,	0.75,	24.57,	23.51,	23.0,	23.0
537.305828332901,	1.0,	0.75,	24.54,	23.48,	23.0,	23.0
538.3073964118958,	1.0,	0.75,	24.44,	23.48,	23.0,	23.0
539.3085391521454,	1.0,	0.75,	24.57,	23.54,	23.0,	23.0
540.3101754188538,	1.0,	0.75,	24.57,	23.51,	23.0,	23.0
541.311235666275,	1.0,	0.75,	24.67,	23.48,	23.0,	23.0
542.3128144741058,	1.0,	0.75,	24.6,	23.51,	23.0,	23.0
543.3145203590393,	1.0,	0.75,	24.64,	23.54,	23.0,	23.0
544.3158795833588,	1.0,	0.75,	24.7,	23.54,	23.0,	23.0
545.3169150352478,	1.0,	0.75,	24.7,	23.61,	23.0,	23.0
546.3182909488678,	1.0,	0.75,	24.64,	23.54,	23.0,	23.0
547.3189747333527,	1.0,	0.75,	24.57,	23.51,	23.0,	23.0
548.3196003437042,	1.0,	0.75,	24.67,	23.51,	23.0,	23.0
549.3199360370636,	1.0,	0.75,	24.7,	23.64,	23.0,	23.0
550.3206119537354,	1.0,	0.75,	24.73,	23.51,	23.0,	23.0
551.3213243484497,	1.0,	0.75,	24.73,	23.57,	23.0,	23.0
552.3224976062775,	1.0,	0.75,	24.7,	23.51,	23.0,	23.0
553.3237943649292,	1.0,	0.75,	24.67,	23.54,	23.0,	23.0
554.3248226642609,	1.0,	0.75,	24.7,	23.57,	23.0,	23.0
555.3259716033936,	1.0,	0.75,	24.7,	23.61,	23.0,	23.0
556.3266403675079,	1.0,	0.75,	24.7,	23.57,	23.0,	23.0
557.3273453712463,	1.0,	0.75,	24.67,	23.51,	23.0,	23.0
558.3282294273376,	1.0,	0.75,	24.67,	23.57,	23.0,	23.0
559.3293573856354,	1.0,	0.75,	24.67,	23.64,	23.0,	23.0
560.3310031890869,	1.0,	0.75,	24.67,	23.57,	23.0,	23.0
561.332273721695,	1.0,	0.75,	24.77,	23.61,	23.0,	23.0
562.3328557014465,	1.0,	0.75,	24.7,	23.64,	23.0,	23.0
563.332971572876,	1.0,	0.75,	24.73,	23.61,	23.0,	23.0
564.3335993289948,	1.0,	0.75,	24.73,	23.54,	23.0,	23.0
565.3343048095703,	1.0,	0.75,	24.7,	23.54,	23.0,	23.0
566.3357222080231,	1.0,	0.75,	24.7,	23.54,	23.0,	23.0
567.3366162776947,	1.0,	0.75,	24.73,	23.54,	23.0,	23.0
568.3371605873108,	1.0,	0.75,	24.67,	23.64,	23.0,	23.0
569.3375627994537,	1.0,	0.75,	24.7,	23.51,	23.0,	23.0
570.3382170200348,	1.0,	0.75,	24.77,	23.61,	23.0,	23.0
571.3388874530792,	1.0,	0.75,	24.73,	23.57,	23.0,	23.0
572.340009689331,	1.0,	0.75,	24.73,	23.57,	23.0,	23.0
573.3410153388977,	1.0,	0.75,	24.7,	23.61,	23.0,	23.0
574.3421986103058,	1.0,	0.75,	24.73,	23.64,	23.0,	23.0
575.3430616855621,	1.0,	0.75,	24.77,	23.73,	23.0,	23.0
576.3438999652863,	1.0,	0.75,	24.64,	23.57,	23.0,	23.0
577.3451993465424,	1.0,	0.75,	24.77,	23.64,	23.0,	23.0
578.3463890552521,	1.0,	0.75,	24.73,	23.57,	23.0,	23.0
579.3467857837677,	1.0,	0.75,	24.73,	23.57,	23.0,	23.0
580.3476965427399,	1.0,	0.75,	24.73,	23.64,	23.0,	23.0
581.3477919101715,	1.0,	0.75,	24.77,	23.61,	23.0,	23.0
582.3491263389587,	1.0,	0.75,	24.73,	23.64,	23.0,	23.0
583.3650546073914,	1.0,	0.75,	24.77,	23.67,	23.0,	23.0
584.3658874034882,	1.0,	0.75,	24.77,	23.64,	23.0,	23.0
585.36638712883,	1.0,	0.75,	24.73,	23.64,	23.0,	23.0
586.3669505119324,	1.0,	0.75,	24.77,	23.7,	23.0,	23.0
587.367171049118,	1.0,	0.75,	24.77,	23.7,	23.0,	23.0
588.3680770397186,	1.0,	0.75,	24.77,	23.67,	23.0,	23.0
589.3689076900482,	1.0,	0.75,	24.77,	23.73,	23.0,	23.0
590.3710038661957,	1.0,	0.75,	24.73,	23.67,	23.0,	23.0
591.3720297813416,	1.0,	0.75,	24.77,	23.64,	23.0,	23.0
592.3729529380798,	1.0,	0.75,	24.77,	23.7,	23.0,	23.0
593.3796195983887,	1.0,	0.75,	24.77,	23.73,	23.0,	23.0
594.3801453113556,	1.0,	0.75,	24.77,	23.7,	23.0,	23.0
595.3807098865509,	1.0,	0.75,	24.77,	23.67,	23.0,	23.0
596.3817622661591,	1.0,	0.75,	24.77,	23.7,	23.0,	23.0
597.3829910755157,	1.0,	0.75,	24.77,	23.61,	23.0,	23.0
598.3838908672333,	1.0,	0.75,	24.77,	23.73,	23.0,	23.0
599.3842468261719,	1.0,	0.75,	24.77,	23.73,	23.0,	23.0
600.3847789764404,	1.0,	0.75,	24.77,	23.67,	23.0,	23.0
