0.0,	0.0,	0.0,	23.48,	23.15,	23.0,	23.0
1.0001943111419678,	0.0,	0.0,	23.48,	23.15,	23.0,	23.0
2.01692795753479,	0.0,	0.0,	23.48,	23.15,	23.0,	23.0
3.0180370807647705,	0.0,	0.0,	23.48,	23.15,	23.0,	23.0
4.019362688064575,	0.0,	0.0,	23.48,	23.15,	23.0,	23.0
5.019827365875244,	0.0,	0.0,	23.48,	23.15,	23.0,	23.0
6.0209059715271,	1.0,	0.0,	23.48,	23.15,	23.0,	23.0
7.021304607391357,	1.0,	0.0,	23.48,	23.15,	23.0,	23.0
8.022602081298828,	1.0,	0.0,	23.48,	23.15,	23.0,	23.0
9.023034811019897,	1.0,	0.0,	23.48,	23.15,	23.0,	23.0
10.02401876449585,	1.0,	0.0,	23.48,	23.15,	23.0,	23.0
11.024735450744629,	1.0,	0.0,	23.48,	23.15,	23.0,	23.0
12.027235507965088,	1.0,	0.0,	23.48,	23.15,	23.0,	23.0
13.028255939483643,	1.0,	0.0,	23.48,	23.15,	23.0,	23.0
14.029173612594604,	1.0,	0.0,	23.44,	23.15,	23.0,	23.0
15.030951261520386,	1.0,	0.0,	23.48,	23.15,	23.0,	23.0
16.032386779785156,	1.0,	0.0,	23.48,	23.15,	23.0,	23.0
17.032706022262573,	1.0,	0.0,	23.48,	23.15,	23.0,	23.0
18.033759832382202,	1.0,	0.0,	23.48,	23.15,	23.0,	23.0
19.033828258514404,	1.0,	0.0,	23.48,	23.15,	23.0,	23.0
20.03519344329834,	1.0,	0.0,	23.48,	23.15,	23.0,	23.0
21.03653383255005,	1.0,	0.0,	23.48,	23.15,	23.0,	23.0
22.039457082748413,	1.0,	0.0,	23.48,	23.15,	23.0,	23.0
23.04127836227417,	1.0,	0.0,	23.48,	23.15,	23.0,	23.0
24.041763305664062,	1.0,	0.0,	23.48,	23.15,	23.0,	23.0
25.042191743850708,	1.0,	0.0,	23.48,	23.15,	23.0,	23.0
26.068966388702393,	1.0,	0.0,	23.48,	23.15,	23.0,	23.0
27.07034468650818,	1.0,	0.0,	23.48,	23.15,	23.0,	23.0
28.071879863739014,	1.0,	0.0,	23.48,	23.15,	23.0,	23.0
29.073349475860596,	1.0,	0.0,	23.48,	23.15,	23.0,	23.0
30.07739543914795,	1.0,	0.0,	23.48,	23.15,	23.0,	23.0
31.078436136245728,	1.0,	0.0,	23.48,	23.15,	23.0,	23.0
32.07965898513794,	1.0,	0.0,	23.48,	23.15,	23.0,	23.0
33.08056998252869,	1.0,	0.0,	23.48,	23.15,	23.0,	23.0
34.08157014846802,	1.0,	0.0,	23.48,	23.15,	23.0,	23.0
35.08182716369629,	1.0,	0.0,	23.48,	23.15,	23.0,	23.0
36.08398938179016,	1.0,	0.0,	23.48,	23.15,	23.0,	23.0
37.08467411994934,	1.0,	0.0,	23.48,	23.15,	23.0,	23.0
38.085349559783936,	1.0,	0.0,	23.48,	23.15,	23.0,	23.0
39.086100339889526,	1.0,	0.0,	23.48,	23.15,	23.0,	23.0
40.087322473526,	1.0,	0.0,	23.48,	23.15,	23.0,	23.0
41.08870244026184,	1.0,	0.0,	23.48,	23.15,	23.0,	23.0
42.089338541030884,	1.0,	0.0,	23.48,	23.15,	23.0,	23.0
43.09043264389038,	1.0,	0.0,	23.48,	23.15,	23.0,	23.0
44.091381311416626,	1.0,	0.0,	23.48,	23.15,	23.0,	23.0
45.0922167301178,	1.0,	0.0,	23.48,	23.15,	23.0,	23.0
46.09334945678711,	1.0,	0.0,	23.48,	23.15,	23.0,	23.0
47.09445810317993,	1.0,	0.0,	23.48,	23.15,	23.0,	23.0
48.09571981430054,	1.0,	0.0,	23.48,	23.15,	23.0,	23.0
49.09660768508911,	1.0,	0.0,	23.48,	23.15,	23.0,	23.0
50.09789729118347,	1.0,	0.0,	23.48,	23.15,	23.0,	23.0
51.098473072052,	1.0,	0.0,	23.51,	23.15,	23.0,	23.0
52.099034547805786,	1.0,	0.0,	23.48,	23.15,	23.0,	23.0
53.09964561462402,	1.0,	0.0,	23.48,	23.15,	23.0,	23.0
54.100213289260864,	1.0,	0.0,	23.51,	23.15,	23.0,	23.0
55.10076284408569,	1.0,	0.0,	23.48,	23.15,	23.0,	23.0
56.10133719444275,	1.0,	0.0,	23.54,	23.15,	23.0,	23.0
57.10215473175049,	1.0,	0.0,	23.61,	23.15,	23.0,	23.0
58.10333824157715,	1.0,	0.0,	23.64,	23.15,	23.0,	23.0
59.10366463661194,	1.0,	0.0,	23.57,	23.15,	23.0,	23.0
60.104703187942505,	1.0,	0.0,	23.64,	23.15,	23.0,	23.0
61.10563039779663,	1.0,	0.0,	23.57,	23.15,	23.0,	23.0
62.10639023780823,	1.0,	0.0,	23.67,	23.15,	23.0,	23.0
63.106754779815674,	1.0,	0.0,	23.54,	23.15,	23.0,	23.0
64.1070704460144,	1.0,	0.0,	23.67,	23.15,	23.0,	23.0
65.1074161529541,	1.0,	0.0,	23.73,	23.15,	23.0,	23.0
66.1086688041687,	1.0,	0.0,	23.73,	23.15,	23.0,	23.0
67.10968279838562,	1.0,	0.0,	23.77,	23.15,	23.0,	23.0
68.10993885993958,	1.0,	0.0,	23.67,	23.15,	23.0,	23.0
69.11098623275757,	1.0,	0.0,	23.8,	23.15,	23.0,	23.0
70.11253809928894,	1.0,	0.0,	23.73,	23.15,	23.0,	23.0
71.11318016052246,	1.0,	0.0,	23.8,	23.15,	23.0,	23.0
72.11421012878418,	1.0,	0.0,	23.8,	23.15,	23.0,	23.0
73.11511301994324,	1.0,	0.0,	23.8,	23.15,	23.0,	23.0
74.11531615257263,	1.0,	0.0,	23.8,	23.15,	23.0,	23.0
75.11588215827942,	1.0,	0.0,	23.8,	23.15,	23.0,	23.0
76.11698746681213,	1.0,	0.0,	23.8,	23.15,	23.0,	23.0
77.1174898147583,	1.0,	0.0,	23.77,	23.15,	23.0,	23.0
78.1190128326416,	1.0,	0.0,	23.8,	23.15,	23.0,	23.0
79.12035512924194,	1.0,	0.0,	23.8,	23.15,	23.0,	23.0
80.12076830863953,	1.0,	0.0,	23.8,	23.15,	23.0,	23.0
81.12125587463379,	1.0,	0.0,	23.8,	23.15,	23.0,	23.0
82.12195420265198,	1.0,	0.0,	23.8,	23.15,	23.0,	23.0
83.12341952323914,	1.0,	0.0,	23.8,	23.15,	23.0,	23.0
84.124014377594,	1.0,	0.0,	23.8,	23.15,	23.0,	23.0
85.12548112869263,	1.0,	0.0,	23.8,	23.15,	23.0,	23.0
86.12700772285461,	1.0,	0.0,	23.8,	23.15,	23.0,	23.0
87.12793159484863,	1.0,	0.0,	23.8,	23.15,	23.0,	23.0
