0.0,	0.0,	0.0,	21.22,	21.0,	23.0,	23.0
1.000385046005249,	0.0,	0.0,	21.22,	20.93,	23.0,	23.0
2.00199818611145,	0.0,	0.0,	21.19,	20.9,	23.0,	23.0
3.003390073776245,	0.0,	0.0,	21.22,	20.96,	23.0,	23.0
4.007684707641602,	0.0,	0.0,	21.22,	21.0,	23.0,	23.0
5.008741617202759,	0.0,	0.0,	21.22,	20.96,	23.0,	23.0
6.010238170623779,	33.33333333333333,	0.0,	21.22,	20.93,	23.0,	23.0
7.0115883350372314,	33.33333333333333,	0.0,	21.22,	20.96,	23.0,	23.0
8.013115406036377,	33.33333333333333,	0.0,	21.22,	21.03,	23.0,	23.0
9.01400351524353,	33.33333333333333,	0.0,	21.16,	20.96,	23.0,	23.0
10.015249252319336,	33.33333333333333,	0.0,	21.22,	21.0,	23.0,	23.0
11.016271114349365,	33.33333333333333,	0.0,	21.22,	21.0,	23.0,	23.0
12.0165855884552,	33.33333333333333,	0.0,	21.22,	20.96,	23.0,	23.0
13.017034769058228,	33.33333333333333,	0.0,	21.22,	21.06,	23.0,	23.0
14.018059968948364,	33.33333333333333,	0.0,	21.22,	21.12,	23.0,	23.0
15.019411087036133,	33.33333333333333,	0.0,	21.22,	21.06,	23.0,	23.0
16.021090030670166,	33.33333333333333,	0.0,	21.22,	21.09,	23.0,	23.0
17.021686553955078,	33.33333333333333,	0.0,	21.22,	20.96,	23.0,	23.0
18.02238154411316,	33.33333333333333,	0.0,	21.22,	21.03,	23.0,	23.0
19.023340225219727,	33.33333333333333,	0.0,	21.22,	21.03,	23.0,	23.0
20.02369999885559,	33.33333333333333,	0.0,	21.22,	21.09,	23.0,	23.0
21.0251407623291,	33.33333333333333,	0.0,	21.22,	20.96,	23.0,	23.0
22.027170658111572,	33.33333333333333,	0.0,	21.22,	21.09,	23.0,	23.0
23.027341842651367,	33.33333333333333,	0.0,	21.22,	21.09,	23.0,	23.0
24.028987169265747,	33.33333333333333,	0.0,	21.22,	21.09,	23.0,	23.0
25.029529809951782,	33.33333333333333,	0.0,	21.22,	21.03,	23.0,	23.0
26.02954649925232,	33.33333333333333,	0.0,	21.19,	21.06,	23.0,	23.0
27.03047466278076,	33.33333333333333,	0.0,	21.22,	21.16,	23.0,	23.0
28.03140115737915,	33.33333333333333,	0.0,	21.22,	21.09,	23.0,	23.0
29.032071113586426,	33.33333333333333,	0.0,	21.22,	21.0,	23.0,	23.0
30.033048629760742,	33.33333333333333,	0.0,	21.22,	21.03,	23.0,	23.0
31.03466796875,	33.33333333333333,	0.0,	21.22,	21.06,	23.0,	23.0
32.03576111793518,	33.33333333333333,	0.0,	21.22,	21.06,	23.0,	23.0
33.03703832626343,	33.33333333333333,	0.0,	21.22,	21.09,	23.0,	23.0
34.03804326057434,	33.33333333333333,	0.0,	21.22,	21.06,	23.0,	23.0
35.038522481918335,	33.33333333333333,	0.0,	21.22,	21.06,	23.0,	23.0
36.03992247581482,	33.33333333333333,	0.0,	21.22,	21.09,	23.0,	23.0
37.04082202911377,	33.33333333333333,	0.0,	21.22,	21.09,	23.0,	23.0
38.041733264923096,	33.33333333333333,	0.0,	21.22,	21.03,	23.0,	23.0
39.043362855911255,	33.33333333333333,	0.0,	21.22,	21.09,	23.0,	23.0
40.044294118881226,	33.33333333333333,	0.0,	21.22,	21.09,	23.0,	23.0
41.04523015022278,	33.33333333333333,	0.0,	21.22,	21.16,	23.0,	23.0
42.04674506187439,	33.33333333333333,	0.0,	21.22,	21.12,	23.0,	23.0
43.04795265197754,	33.33333333333333,	0.0,	21.22,	21.19,	23.0,	23.0
44.0489718914032,	33.33333333333333,	0.0,	21.22,	21.16,	23.0,	23.0
45.05001640319824,	33.33333333333333,	0.0,	21.22,	21.12,	23.0,	23.0
46.051055908203125,	33.33333333333333,	0.0,	21.22,	21.09,	23.0,	23.0
47.05158519744873,	33.33333333333333,	0.0,	21.22,	21.16,	23.0,	23.0
48.05223107337952,	33.33333333333333,	0.0,	21.22,	21.09,	23.0,	23.0
49.05289077758789,	33.33333333333333,	0.0,	21.25,	21.19,	23.0,	23.0
50.05322074890137,	33.33333333333333,	0.0,	21.22,	21.12,	23.0,	23.0
51.05408787727356,	33.33333333333333,	0.0,	21.22,	21.09,	23.0,	23.0
52.05572772026062,	33.33333333333333,	0.0,	21.22,	21.16,	23.0,	23.0
53.05663466453552,	33.33333333333333,	0.0,	21.22,	21.19,	23.0,	23.0
54.05797815322876,	33.33333333333333,	0.0,	21.22,	21.19,	23.0,	23.0
55.058475971221924,	33.33333333333333,	0.0,	21.22,	21.22,	23.0,	23.0
56.059670209884644,	33.33333333333333,	0.0,	21.22,	21.12,	23.0,	23.0
57.06018424034119,	33.33333333333333,	0.0,	21.22,	21.22,	23.0,	23.0
58.06210541725159,	33.33333333333333,	0.0,	21.22,	21.22,	23.0,	23.0
59.06293034553528,	33.33333333333333,	0.0,	21.22,	21.22,	23.0,	23.0
60.063405990600586,	33.33333333333333,	0.0,	21.25,	21.22,	23.0,	23.0
61.0644805431366,	33.33333333333333,	0.0,	21.29,	21.22,	23.0,	23.0
62.065500020980835,	33.33333333333333,	0.0,	21.22,	21.16,	23.0,	23.0
63.06603002548218,	33.33333333333333,	0.0,	21.22,	21.19,	23.0,	23.0
64.0680205821991,	33.33333333333333,	0.0,	21.25,	21.22,	23.0,	23.0
65.06891942024231,	33.33333333333333,	0.0,	21.25,	21.22,	23.0,	23.0
66.07007265090942,	33.33333333333333,	0.0,	21.25,	21.22,	23.0,	23.0
67.07107543945312,	33.33333333333333,	0.0,	21.25,	21.22,	23.0,	23.0
68.07129645347595,	33.33333333333333,	0.0,	21.25,	21.22,	23.0,	23.0
69.0717785358429,	33.33333333333333,	0.0,	21.25,	21.22,	23.0,	23.0
70.07823538780212,	33.33333333333333,	0.0,	21.29,	21.22,	23.0,	23.0
71.08114743232727,	33.33333333333333,	0.0,	21.35,	21.22,	23.0,	23.0
72.08172965049744,	33.33333333333333,	0.0,	21.35,	21.22,	23.0,	23.0
73.08318519592285,	33.33333333333333,	0.0,	21.38,	21.22,	23.0,	23.0
74.08772110939026,	33.33333333333333,	0.0,	21.32,	21.22,	23.0,	23.0
75.08816814422607,	33.33333333333333,	0.0,	21.35,	21.22,	23.0,	23.0
76.08947134017944,	33.33333333333333,	0.0,	21.32,	21.22,	23.0,	23.0
77.08996272087097,	33.33333333333333,	0.0,	21.35,	21.22,	23.0,	23.0
78.09066915512085,	33.33333333333333,	0.0,	21.35,	21.22,	23.0,	23.0
79.09225344657898,	33.33333333333333,	0.0,	21.32,	21.19,	23.0,	23.0
80.09328746795654,	33.33333333333333,	0.0,	21.35,	21.22,	23.0,	23.0
81.09414935112,	33.33333333333333,	0.0,	21.41,	21.22,	23.0,	23.0
82.09434747695923,	33.33333333333333,	0.0,	21.32,	21.22,	23.0,	23.0
83.09494733810425,	33.33333333333333,	0.0,	21.25,	21.22,	23.0,	23.0
84.09617614746094,	33.33333333333333,	0.0,	21.48,	21.22,	23.0,	23.0
85.09642362594604,	33.33333333333333,	0.0,	21.35,	21.22,	23.0,	23.0
86.09776568412781,	33.33333333333333,	0.0,	21.41,	21.22,	23.0,	23.0
87.09858560562134,	33.33333333333333,	0.0,	21.38,	21.22,	23.0,	23.0
88.09936451911926,	33.33333333333333,	0.0,	21.35,	21.22,	23.0,	23.0
89.0998797416687,	33.33333333333333,	0.0,	21.35,	21.22,	23.0,	23.0
90.10144090652466,	33.33333333333333,	0.0,	21.45,	21.22,	23.0,	23.0
91.10241198539734,	33.33333333333333,	0.0,	21.48,	21.22,	23.0,	23.0
92.10354781150818,	33.33333333333333,	0.0,	21.45,	21.22,	23.0,	23.0
93.10417556762695,	33.33333333333333,	0.0,	21.38,	21.22,	23.0,	23.0
94.10521221160889,	33.33333333333333,	0.0,	21.48,	21.22,	23.0,	23.0
95.10676908493042,	33.33333333333333,	0.0,	21.51,	21.22,	23.0,	23.0
96.10741114616394,	33.33333333333333,	0.0,	21.38,	21.22,	23.0,	23.0
97.10811519622803,	33.33333333333333,	0.0,	21.48,	21.22,	23.0,	23.0
98.10970997810364,	33.33333333333333,	0.0,	21.54,	21.22,	23.0,	23.0
99.11163091659546,	33.33333333333333,	0.0,	21.51,	21.22,	23.0,	23.0
100.11248922348022,	33.33333333333333,	0.0,	21.51,	21.22,	23.0,	23.0
101.11309266090393,	33.33333333333333,	0.0,	21.48,	21.22,	23.0,	23.0
102.11436343193054,	33.33333333333333,	0.0,	21.51,	21.22,	23.0,	23.0
103.11593174934387,	33.33333333333333,	0.0,	21.51,	21.22,	23.0,	23.0
104.117360830307,	33.33333333333333,	0.0,	21.51,	21.22,	23.0,	23.0
105.11824488639832,	33.33333333333333,	0.0,	21.51,	21.22,	23.0,	23.0
106.12574791908264,	33.33333333333333,	0.0,	21.54,	21.22,	23.0,	23.0
107.13099455833435,	33.33333333333333,	0.0,	21.51,	21.22,	23.0,	23.0
108.13407373428345,	33.33333333333333,	0.0,	21.51,	21.22,	23.0,	23.0
109.1657543182373,	33.33333333333333,	0.0,	21.54,	21.22,	23.0,	23.0
110.16767454147339,	33.33333333333333,	0.0,	21.54,	21.22,	23.0,	23.0
111.16841697692871,	33.33333333333333,	0.0,	21.51,	21.22,	23.0,	23.0
112.17033696174622,	33.33333333333333,	0.0,	21.51,	21.22,	23.0,	23.0
113.17149186134338,	33.33333333333333,	0.0,	21.54,	21.22,	23.0,	23.0
114.17227792739868,	33.33333333333333,	0.0,	21.54,	21.22,	23.0,	23.0
115.17320680618286,	33.33333333333333,	0.0,	21.54,	21.22,	23.0,	23.0
116.1736409664154,	33.33333333333333,	0.0,	21.54,	21.22,	23.0,	23.0
117.1741898059845,	33.33333333333333,	0.0,	21.54,	21.22,	23.0,	23.0
118.19765400886536,	33.33333333333333,	0.0,	21.54,	21.22,	23.0,	23.0
119.19858264923096,	33.33333333333333,	0.0,	21.54,	21.22,	23.0,	23.0
120.19909071922302,	33.33333333333333,	0.0,	21.54,	21.22,	23.0,	23.0
121.20796227455139,	33.33333333333333,	0.0,	21.54,	21.22,	23.0,	23.0
122.21037459373474,	33.33333333333333,	0.0,	21.54,	21.22,	23.0,	23.0
123.21179795265198,	33.33333333333333,	0.0,	21.54,	21.22,	23.0,	23.0
124.21272683143616,	33.33333333333333,	0.0,	21.51,	21.22,	23.0,	23.0
125.21390986442566,	33.33333333333333,	0.0,	21.54,	21.22,	23.0,	23.0
126.21430492401123,	33.33333333333333,	0.0,	21.54,	21.22,	23.0,	23.0
127.21523213386536,	33.33333333333333,	0.0,	21.54,	21.22,	23.0,	23.0
128.21621346473694,	33.33333333333333,	0.0,	21.51,	21.22,	23.0,	23.0
129.21726083755493,	33.33333333333333,	0.0,	21.54,	21.25,	23.0,	23.0
130.21877527236938,	33.33333333333333,	0.0,	21.54,	21.22,	23.0,	23.0
131.2197368144989,	33.33333333333333,	0.0,	21.54,	21.22,	23.0,	23.0
132.22050857543945,	33.33333333333333,	0.0,	21.54,	21.22,	23.0,	23.0
133.2217824459076,	33.33333333333333,	0.0,	21.54,	21.22,	23.0,	23.0
134.22323155403137,	33.33333333333333,	0.0,	21.54,	21.22,	23.0,	23.0
135.22421550750732,	33.33333333333333,	0.0,	21.54,	21.22,	23.0,	23.0
136.2250738143921,	33.33333333333333,	0.0,	21.54,	21.22,	23.0,	23.0
137.2254765033722,	33.33333333333333,	0.0,	21.54,	21.22,	23.0,	23.0
138.23295640945435,	33.33333333333333,	0.0,	21.54,	21.22,	23.0,	23.0
139.24370789527893,	33.33333333333333,	0.0,	21.54,	21.22,	23.0,	23.0
140.2440540790558,	33.33333333333333,	0.0,	21.54,	21.22,	23.0,	23.0
141.24458408355713,	33.33333333333333,	0.0,	21.54,	21.22,	23.0,	23.0
142.24599933624268,	33.33333333333333,	0.0,	21.54,	21.25,	23.0,	23.0
143.2474763393402,	33.33333333333333,	0.0,	21.54,	21.22,	23.0,	23.0
144.24874329566956,	33.33333333333333,	0.0,	21.54,	21.22,	23.0,	23.0
145.25015449523926,	33.33333333333333,	0.0,	21.54,	21.22,	23.0,	23.0
146.25099444389343,	33.33333333333333,	0.0,	21.54,	21.22,	23.0,	23.0
147.25192594528198,	33.33333333333333,	0.0,	21.54,	21.29,	23.0,	23.0
148.2520408630371,	33.33333333333333,	0.0,	21.54,	21.25,	23.0,	23.0
149.25225687026978,	33.33333333333333,	0.0,	21.54,	21.22,	23.0,	23.0
150.25275206565857,	33.33333333333333,	0.0,	21.54,	21.22,	23.0,	23.0
151.25338697433472,	33.33333333333333,	0.0,	21.54,	21.25,	23.0,	23.0
152.25605750083923,	33.33333333333333,	0.0,	21.54,	21.29,	23.0,	23.0
153.2563784122467,	33.33333333333333,	0.0,	21.54,	21.22,	23.0,	23.0
154.25738883018494,	33.33333333333333,	0.0,	21.54,	21.22,	23.0,	23.0
155.25860285758972,	33.33333333333333,	0.0,	21.54,	21.22,	23.0,	23.0
156.2600381374359,	33.33333333333333,	0.0,	21.54,	21.22,	23.0,	23.0
157.2610640525818,	33.33333333333333,	0.0,	21.54,	21.32,	23.0,	23.0
158.26153874397278,	33.33333333333333,	0.0,	21.54,	21.25,	23.0,	23.0
159.26274633407593,	33.33333333333333,	0.0,	21.54,	21.22,	23.0,	23.0
160.26398611068726,	33.33333333333333,	0.0,	21.54,	21.22,	23.0,	23.0
161.26513051986694,	33.33333333333333,	0.0,	21.54,	21.29,	23.0,	23.0
162.26604533195496,	33.33333333333333,	0.0,	21.54,	21.25,	23.0,	23.0
163.26701092720032,	33.33333333333333,	0.0,	21.54,	21.29,	23.0,	23.0
164.26721596717834,	33.33333333333333,	0.0,	21.54,	21.32,	23.0,	23.0
165.26781153678894,	33.33333333333333,	0.0,	21.54,	21.32,	23.0,	23.0
166.2759780883789,	33.33333333333333,	0.0,	21.54,	21.25,	23.0,	23.0
167.27783131599426,	33.33333333333333,	0.0,	21.54,	21.29,	23.0,	23.0
168.27892684936523,	33.33333333333333,	0.0,	21.58,	21.25,	23.0,	23.0
169.27981328964233,	33.33333333333333,	0.0,	21.54,	21.22,	23.0,	23.0
170.28134417533875,	33.33333333333333,	0.0,	21.54,	21.35,	23.0,	23.0
171.28162026405334,	33.33333333333333,	0.0,	21.54,	21.32,	23.0,	23.0
172.28287315368652,	33.33333333333333,	0.0,	21.54,	21.25,	23.0,	23.0
173.28348660469055,	33.33333333333333,	0.0,	21.54,	21.32,	23.0,	23.0
174.2839949131012,	33.33333333333333,	0.0,	21.54,	21.25,	23.0,	23.0
175.2848460674286,	33.33333333333333,	0.0,	21.54,	21.32,	23.0,	23.0
176.28559064865112,	33.33333333333333,	0.0,	21.58,	21.29,	23.0,	23.0
177.28683352470398,	33.33333333333333,	0.0,	21.54,	21.29,	23.0,	23.0
178.2879228591919,	33.33333333333333,	0.0,	21.64,	21.38,	23.0,	23.0
179.28885316848755,	33.33333333333333,	0.0,	21.58,	21.25,	23.0,	23.0
180.28931665420532,	33.33333333333333,	0.0,	21.54,	21.29,	23.0,	23.0
181.29044723510742,	33.33333333333333,	0.0,	21.54,	21.32,	23.0,	23.0
182.29183554649353,	33.33333333333333,	0.0,	21.58,	21.29,	23.0,	23.0
183.29240155220032,	33.33333333333333,	0.0,	21.54,	21.38,	23.0,	23.0
184.29340147972107,	33.33333333333333,	0.0,	21.61,	21.45,	23.0,	23.0
185.29416680335999,	33.33333333333333,	0.0,	21.54,	21.38,	23.0,	23.0
186.29480648040771,	33.33333333333333,	0.0,	21.54,	21.45,	23.0,	23.0
187.2960422039032,	33.33333333333333,	0.0,	21.54,	21.41,	23.0,	23.0
188.2966504096985,	33.33333333333333,	0.0,	21.58,	21.38,	23.0,	23.0
189.29690623283386,	33.33333333333333,	0.0,	21.54,	21.41,	23.0,	23.0
190.29719161987305,	33.33333333333333,	0.0,	21.64,	21.45,	23.0,	23.0
191.29801511764526,	33.33333333333333,	0.0,	21.64,	21.41,	23.0,	23.0
192.29893255233765,	33.33333333333333,	0.0,	21.61,	21.45,	23.0,	23.0
193.30081224441528,	33.33333333333333,	0.0,	21.64,	21.35,	23.0,	23.0
194.30104041099548,	33.33333333333333,	0.0,	21.58,	21.45,	23.0,	23.0
195.3020007610321,	33.33333333333333,	0.0,	21.61,	21.35,	23.0,	23.0
196.30252814292908,	33.33333333333333,	0.0,	21.61,	21.32,	23.0,	23.0
197.30364513397217,	33.33333333333333,	0.0,	21.67,	21.48,	23.0,	23.0
198.30586409568787,	33.33333333333333,	0.0,	21.61,	21.41,	23.0,	23.0
199.30713033676147,	33.33333333333333,	0.0,	21.58,	21.48,	23.0,	23.0
200.3079071044922,	33.33333333333333,	0.0,	21.61,	21.41,	23.0,	23.0
201.3095259666443,	33.33333333333333,	0.0,	21.61,	21.41,	23.0,	23.0
202.31075263023376,	33.33333333333333,	0.0,	21.64,	21.48,	23.0,	23.0
203.31203079223633,	33.33333333333333,	0.0,	21.7,	21.45,	23.0,	23.0
204.31297755241394,	33.33333333333333,	0.0,	21.64,	21.41,	23.0,	23.0
205.313889503479,	33.33333333333333,	0.0,	21.58,	21.45,	23.0,	23.0
206.31478261947632,	33.33333333333333,	0.0,	21.61,	21.54,	23.0,	23.0
207.31551551818848,	33.33333333333333,	0.0,	21.67,	21.54,	23.0,	23.0
208.3167040348053,	33.33333333333333,	0.0,	21.61,	21.41,	23.0,	23.0
209.31807279586792,	33.33333333333333,	0.0,	21.64,	21.38,	23.0,	23.0
210.31903433799744,	33.33333333333333,	0.0,	21.67,	21.48,	23.0,	23.0
211.31942486763,	33.33333333333333,	0.0,	21.74,	21.41,	23.0,	23.0
212.32056593894958,	33.33333333333333,	0.0,	21.74,	21.45,	23.0,	23.0
213.3211314678192,	33.33333333333333,	0.0,	21.67,	21.51,	23.0,	23.0
214.32183051109314,	33.33333333333333,	0.0,	21.61,	21.48,	23.0,	23.0
215.32229375839233,	33.33333333333333,	0.0,	21.67,	21.48,	23.0,	23.0
216.32280158996582,	33.33333333333333,	0.0,	21.67,	21.51,	23.0,	23.0
217.32403564453125,	33.33333333333333,	0.0,	21.83,	21.51,	23.0,	23.0
218.32542634010315,	33.33333333333333,	0.0,	21.74,	21.51,	23.0,	23.0
219.32600736618042,	33.33333333333333,	0.0,	21.7,	21.48,	23.0,	23.0
220.3272349834442,	33.33333333333333,	0.0,	21.77,	21.54,	23.0,	23.0
221.32841682434082,	33.33333333333333,	0.0,	21.7,	21.54,	23.0,	23.0
222.32859015464783,	33.33333333333333,	0.0,	21.77,	21.41,	23.0,	23.0
223.3295419216156,	33.33333333333333,	0.0,	21.74,	21.48,	23.0,	23.0
224.32991290092468,	33.33333333333333,	0.0,	21.67,	21.48,	23.0,	23.0
225.33012461662292,	33.33333333333333,	0.0,	21.74,	21.48,	23.0,	23.0
226.33142232894897,	33.33333333333333,	0.0,	21.77,	21.48,	23.0,	23.0
227.33230757713318,	33.33333333333333,	0.0,	21.8,	21.54,	23.0,	23.0
228.33363914489746,	33.33333333333333,	0.0,	21.74,	21.51,	23.0,	23.0
229.33470845222473,	33.33333333333333,	0.0,	21.77,	21.54,	23.0,	23.0
230.33504700660706,	33.33333333333333,	0.0,	21.8,	21.45,	23.0,	23.0
231.33788442611694,	33.33333333333333,	0.0,	21.87,	21.54,	23.0,	23.0
232.33925986289978,	33.33333333333333,	0.0,	21.77,	21.54,	23.0,	23.0
233.33975338935852,	33.33333333333333,	0.0,	21.83,	21.54,	23.0,	23.0
234.34156107902527,	33.33333333333333,	0.0,	21.87,	21.54,	23.0,	23.0
235.3445599079132,	33.33333333333333,	0.0,	21.87,	21.54,	23.0,	23.0
236.34555506706238,	33.33333333333333,	0.0,	21.8,	21.54,	23.0,	23.0
237.37486696243286,	33.33333333333333,	0.0,	21.87,	21.54,	23.0,	23.0
238.39217257499695,	33.33333333333333,	0.0,	21.83,	21.51,	23.0,	23.0
239.41875338554382,	33.33333333333333,	0.0,	21.8,	21.54,	23.0,	23.0
240.41980576515198,	33.33333333333333,	0.0,	21.83,	21.54,	23.0,	23.0
241.42133259773254,	33.33333333333333,	0.0,	21.87,	21.54,	23.0,	23.0
242.4217700958252,	33.33333333333333,	0.0,	21.8,	21.54,	23.0,	23.0
243.42220258712769,	33.33333333333333,	0.0,	21.87,	21.54,	23.0,	23.0
244.4228961467743,	33.33333333333333,	0.0,	21.83,	21.54,	23.0,	23.0
245.42337346076965,	33.33333333333333,	0.0,	21.87,	21.51,	23.0,	23.0
246.4243094921112,	33.33333333333333,	0.0,	21.87,	21.54,	23.0,	23.0
247.44563388824463,	33.33333333333333,	0.0,	21.87,	21.54,	23.0,	23.0
248.44645071029663,	33.33333333333333,	0.0,	21.87,	21.54,	23.0,	23.0
249.4479489326477,	33.33333333333333,	0.0,	21.87,	21.54,	23.0,	23.0
250.44855785369873,	33.33333333333333,	0.0,	21.87,	21.54,	23.0,	23.0
251.4492223262787,	33.33333333333333,	0.0,	21.87,	21.51,	23.0,	23.0
252.45046520233154,	33.33333333333333,	0.0,	21.87,	21.54,	23.0,	23.0
253.4508843421936,	33.33333333333333,	0.0,	21.83,	21.54,	23.0,	23.0
254.45139718055725,	33.33333333333333,	0.0,	21.87,	21.54,	23.0,	23.0
255.47972416877747,	33.33333333333333,	0.0,	21.83,	21.54,	23.0,	23.0
256.48026037216187,	33.33333333333333,	0.0,	21.87,	21.54,	23.0,	23.0
257.4808645248413,	33.33333333333333,	0.0,	21.87,	21.54,	23.0,	23.0
258.4888873100281,	33.33333333333333,	0.0,	21.87,	21.54,	23.0,	23.0
259.48932123184204,	33.33333333333333,	0.0,	21.87,	21.54,	23.0,	23.0
260.49043011665344,	33.33333333333333,	0.0,	21.87,	21.54,	23.0,	23.0
261.4911663532257,	33.33333333333333,	0.0,	21.87,	21.54,	23.0,	23.0
262.49143862724304,	33.33333333333333,	0.0,	21.83,	21.54,	23.0,	23.0
263.4924144744873,	33.33333333333333,	0.0,	21.87,	21.54,	23.0,	23.0
264.49311327934265,	33.33333333333333,	0.0,	21.87,	21.54,	23.0,	23.0
265.4939308166504,	33.33333333333333,	0.0,	21.87,	21.54,	23.0,	23.0
266.49499917030334,	33.33333333333333,	0.0,	21.87,	21.54,	23.0,	23.0
267.49636936187744,	33.33333333333333,	0.0,	21.87,	21.54,	23.0,	23.0
268.49725127220154,	33.33333333333333,	0.0,	21.87,	21.54,	23.0,	23.0
269.4978039264679,	33.33333333333333,	0.0,	21.87,	21.54,	23.0,	23.0
270.4980857372284,	33.33333333333333,	0.0,	21.87,	21.54,	23.0,	23.0
271.49901509284973,	33.33333333333333,	0.0,	21.87,	21.54,	23.0,	23.0
272.50046730041504,	33.33333333333333,	0.0,	21.87,	21.54,	23.0,	23.0
273.5017476081848,	33.33333333333333,	0.0,	21.87,	21.54,	23.0,	23.0
274.5028851032257,	33.33333333333333,	0.0,	21.87,	21.54,	23.0,	23.0
275.50405502319336,	33.33333333333333,	0.0,	21.87,	21.54,	23.0,	23.0
276.50471448898315,	33.33333333333333,	0.0,	21.87,	21.54,	23.0,	23.0
277.5059745311737,	33.33333333333333,	0.0,	21.87,	21.54,	23.0,	23.0
278.50672912597656,	33.33333333333333,	0.0,	21.87,	21.54,	23.0,	23.0
279.50797390937805,	33.33333333333333,	0.0,	21.87,	21.54,	23.0,	23.0
280.5087265968323,	33.33333333333333,	0.0,	21.87,	21.54,	23.0,	23.0
281.5099244117737,	33.33333333333333,	0.0,	21.87,	21.54,	23.0,	23.0
282.51072788238525,	33.33333333333333,	0.0,	21.87,	21.54,	23.0,	23.0
283.51165556907654,	33.33333333333333,	0.0,	21.87,	21.54,	23.0,	23.0
284.5319800376892,	33.33333333333333,	0.0,	21.87,	21.54,	23.0,	23.0
285.5325436592102,	33.33333333333333,	0.0,	21.87,	21.54,	23.0,	23.0
286.5341532230377,	33.33333333333333,	0.0,	21.87,	21.54,	23.0,	23.0
287.53473949432373,	33.33333333333333,	0.0,	21.87,	21.54,	23.0,	23.0
288.5353653430939,	33.33333333333333,	0.0,	21.87,	21.54,	23.0,	23.0
289.5371379852295,	33.33333333333333,	0.0,	21.87,	21.54,	23.0,	23.0
290.5376057624817,	33.33333333333333,	0.0,	21.87,	21.54,	23.0,	23.0
291.53849935531616,	33.33333333333333,	0.0,	21.87,	21.54,	23.0,	23.0
292.53942489624023,	33.33333333333333,	0.0,	21.87,	21.54,	23.0,	23.0
293.53966903686523,	33.33333333333333,	0.0,	21.87,	21.54,	23.0,	23.0
294.5410978794098,	33.33333333333333,	0.0,	21.87,	21.54,	23.0,	23.0
295.5416979789734,	33.33333333333333,	0.0,	21.87,	21.54,	23.0,	23.0
296.54228162765503,	33.33333333333333,	0.0,	21.87,	21.54,	23.0,	23.0
297.54265880584717,	33.33333333333333,	0.0,	21.87,	21.54,	23.0,	23.0
298.54369354248047,	33.33333333333333,	0.0,	21.87,	21.54,	23.0,	23.0
299.5446798801422,	33.33333333333333,	0.0,	21.87,	21.54,	23.0,	23.0
300.54606223106384,	33.33333333333333,	25.0,	21.87,	21.54,	23.0,	23.0
301.5470049381256,	33.33333333333333,	25.0,	21.87,	21.54,	23.0,	23.0
302.54812264442444,	33.33333333333333,	25.0,	21.87,	21.54,	23.0,	23.0
303.549387216568,	33.33333333333333,	25.0,	21.87,	21.54,	23.0,	23.0
304.5505213737488,	33.33333333333333,	25.0,	21.87,	21.54,	23.0,	23.0
305.55133628845215,	33.33333333333333,	25.0,	21.87,	21.54,	23.0,	23.0
306.5520963668823,	33.33333333333333,	25.0,	21.87,	21.54,	23.0,	23.0
307.55249786376953,	33.33333333333333,	25.0,	21.87,	21.54,	23.0,	23.0
308.553590297699,	33.33333333333333,	25.0,	21.87,	21.58,	23.0,	23.0
309.55414390563965,	33.33333333333333,	25.0,	21.87,	21.54,	23.0,	23.0
310.55417799949646,	33.33333333333333,	25.0,	21.87,	21.54,	23.0,	23.0
311.55494499206543,	33.33333333333333,	25.0,	21.87,	21.54,	23.0,	23.0
312.55514454841614,	33.33333333333333,	25.0,	21.87,	21.58,	23.0,	23.0
313.55637979507446,	33.33333333333333,	25.0,	21.87,	21.54,	23.0,	23.0
314.5582184791565,	33.33333333333333,	25.0,	21.87,	21.54,	23.0,	23.0
315.55963468551636,	33.33333333333333,	25.0,	21.87,	21.54,	23.0,	23.0
316.5610978603363,	33.33333333333333,	25.0,	21.87,	21.54,	23.0,	23.0
317.5617413520813,	33.33333333333333,	25.0,	21.87,	21.58,	23.0,	23.0
318.56301045417786,	33.33333333333333,	25.0,	21.87,	21.58,	23.0,	23.0
319.56445050239563,	33.33333333333333,	25.0,	21.87,	21.61,	23.0,	23.0
320.56555342674255,	33.33333333333333,	25.0,	21.87,	21.58,	23.0,	23.0
321.5656032562256,	33.33333333333333,	25.0,	21.87,	21.54,	23.0,	23.0
322.56646752357483,	33.33333333333333,	25.0,	21.87,	21.54,	23.0,	23.0
323.5673975944519,	33.33333333333333,	25.0,	21.9,	21.54,	23.0,	23.0
324.5681929588318,	33.33333333333333,	25.0,	21.9,	21.58,	23.0,	23.0
325.5686774253845,	33.33333333333333,	25.0,	21.87,	21.58,	23.0,	23.0
326.5693027973175,	33.33333333333333,	25.0,	21.9,	21.58,	23.0,	23.0
327.5702910423279,	33.33333333333333,	25.0,	21.87,	21.58,	23.0,	23.0
328.57077288627625,	33.33333333333333,	25.0,	21.87,	21.58,	23.0,	23.0
329.5713315010071,	33.33333333333333,	25.0,	21.9,	21.54,	23.0,	23.0
330.5724754333496,	33.33333333333333,	25.0,	21.87,	21.58,	23.0,	23.0
331.57365560531616,	33.33333333333333,	25.0,	21.87,	21.58,	23.0,	23.0
332.57459330558777,	33.33333333333333,	25.0,	21.9,	21.61,	23.0,	23.0
333.5759952068329,	33.33333333333333,	25.0,	21.9,	21.61,	23.0,	23.0
334.5767364501953,	33.33333333333333,	25.0,	21.87,	21.54,	23.0,	23.0
335.5779778957367,	33.33333333333333,	25.0,	21.87,	21.54,	23.0,	23.0
336.5791473388672,	33.33333333333333,	25.0,	21.9,	21.58,	23.0,	23.0
337.57986068725586,	33.33333333333333,	25.0,	21.9,	21.61,	23.0,	23.0
338.58088970184326,	33.33333333333333,	25.0,	21.87,	21.61,	23.0,	23.0
339.582316160202,	33.33333333333333,	25.0,	21.9,	21.54,	23.0,	23.0
340.5827167034149,	33.33333333333333,	25.0,	21.9,	21.67,	23.0,	23.0
341.5832016468048,	33.33333333333333,	25.0,	21.87,	21.54,	23.0,	23.0
342.58386063575745,	33.33333333333333,	25.0,	21.99,	21.58,	23.0,	23.0
343.58468532562256,	33.33333333333333,	25.0,	21.96,	21.54,	23.0,	23.0
344.60396671295166,	33.33333333333333,	25.0,	21.87,	21.58,	23.0,	23.0
345.6051576137543,	33.33333333333333,	25.0,	21.93,	21.61,	23.0,	23.0
346.6058759689331,	33.33333333333333,	25.0,	21.93,	21.54,	23.0,	23.0
347.60671973228455,	33.33333333333333,	25.0,	21.87,	21.61,	23.0,	23.0
348.60924673080444,	33.33333333333333,	25.0,	21.9,	21.54,	23.0,	23.0
349.61240458488464,	33.33333333333333,	25.0,	21.93,	21.61,	23.0,	23.0
350.6125226020813,	33.33333333333333,	25.0,	21.93,	21.54,	23.0,	23.0
351.61376452445984,	33.33333333333333,	25.0,	21.87,	21.58,	23.0,	23.0
352.6148600578308,	33.33333333333333,	25.0,	21.9,	21.58,	23.0,	23.0
353.615257024765,	33.33333333333333,	25.0,	21.87,	21.54,	23.0,	23.0
354.61605429649353,	33.33333333333333,	25.0,	21.96,	21.58,	23.0,	23.0
355.61695075035095,	33.33333333333333,	25.0,	21.96,	21.61,	23.0,	23.0
356.61761140823364,	33.33333333333333,	25.0,	21.9,	21.58,	23.0,	23.0
357.61822724342346,	33.33333333333333,	25.0,	21.9,	21.58,	23.0,	23.0
358.6227102279663,	33.33333333333333,	25.0,	21.93,	21.61,	23.0,	23.0
359.6230707168579,	33.33333333333333,	25.0,	21.9,	21.61,	23.0,	23.0
360.6241567134857,	33.33333333333333,	25.0,	21.9,	21.61,	23.0,	23.0
361.624609708786,	33.33333333333333,	25.0,	21.93,	21.64,	23.0,	23.0
362.6251609325409,	33.33333333333333,	25.0,	21.99,	21.61,	23.0,	23.0
363.62606739997864,	33.33333333333333,	25.0,	21.87,	21.58,	23.0,	23.0
364.62659454345703,	33.33333333333333,	25.0,	21.9,	21.64,	23.0,	23.0
365.6274425983429,	33.33333333333333,	25.0,	22.03,	21.61,	23.0,	23.0
366.628958940506,	33.33333333333333,	25.0,	21.93,	21.61,	23.0,	23.0
367.6296591758728,	33.33333333333333,	25.0,	21.99,	21.58,	23.0,	23.0
368.63071179389954,	33.33333333333333,	25.0,	21.99,	21.64,	23.0,	23.0
369.6312289237976,	33.33333333333333,	25.0,	21.99,	21.64,	23.0,	23.0
370.63196754455566,	33.33333333333333,	25.0,	22.03,	21.7,	23.0,	23.0
371.6326422691345,	33.33333333333333,	25.0,	22.06,	21.7,	23.0,	23.0
372.63352274894714,	33.33333333333333,	25.0,	22.03,	21.67,	23.0,	23.0
373.6342716217041,	33.33333333333333,	25.0,	21.99,	21.58,	23.0,	23.0
374.6354546546936,	33.33333333333333,	25.0,	22.06,	21.7,	23.0,	23.0
375.636287689209,	33.33333333333333,	25.0,	21.99,	21.67,	23.0,	23.0
376.6380090713501,	33.33333333333333,	25.0,	21.96,	21.64,	23.0,	23.0
377.63899970054626,	33.33333333333333,	25.0,	21.99,	21.67,	23.0,	23.0
378.63948249816895,	33.33333333333333,	25.0,	22.03,	21.67,	23.0,	23.0
379.6400353908539,	33.33333333333333,	25.0,	22.06,	21.61,	23.0,	23.0
380.64093017578125,	33.33333333333333,	25.0,	22.03,	21.7,	23.0,	23.0
381.6419575214386,	33.33333333333333,	25.0,	22.03,	21.74,	23.0,	23.0
382.64274501800537,	33.33333333333333,	25.0,	22.06,	21.7,	23.0,	23.0
383.64352560043335,	33.33333333333333,	25.0,	22.06,	21.77,	23.0,	23.0
384.64479184150696,	33.33333333333333,	25.0,	22.09,	21.67,	23.0,	23.0
385.64558482170105,	33.33333333333333,	25.0,	22.12,	21.64,	23.0,	23.0
386.64628195762634,	33.33333333333333,	25.0,	22.06,	21.74,	23.0,	23.0
387.6477117538452,	33.33333333333333,	25.0,	22.16,	21.7,	23.0,	23.0
388.6507878303528,	33.33333333333333,	25.0,	22.12,	21.67,	23.0,	23.0
389.651394367218,	33.33333333333333,	25.0,	22.12,	21.77,	23.0,	23.0
390.6524088382721,	33.33333333333333,	25.0,	22.12,	21.77,	23.0,	23.0
391.6658971309662,	33.33333333333333,	25.0,	22.12,	21.8,	23.0,	23.0
392.7155485153198,	33.33333333333333,	25.0,	22.19,	21.7,	23.0,	23.0
393.7175362110138,	33.33333333333333,	25.0,	22.09,	21.74,	23.0,	23.0
394.7188284397125,	33.33333333333333,	25.0,	22.19,	21.77,	23.0,	23.0
395.7208387851715,	33.33333333333333,	25.0,	22.09,	21.77,	23.0,	23.0
396.7226097583771,	33.33333333333333,	25.0,	22.19,	21.74,	23.0,	23.0
397.7239022254944,	33.33333333333333,	25.0,	22.16,	21.87,	23.0,	23.0
398.7252824306488,	33.33333333333333,	25.0,	22.12,	21.8,	23.0,	23.0
399.726185798645,	33.33333333333333,	25.0,	22.12,	21.83,	23.0,	23.0
400.72695660591125,	33.33333333333333,	25.0,	22.16,	21.8,	23.0,	23.0
401.7280378341675,	33.33333333333333,	25.0,	22.16,	21.8,	23.0,	23.0
402.72936272621155,	33.33333333333333,	25.0,	22.09,	21.77,	23.0,	23.0
403.73063373565674,	33.33333333333333,	25.0,	22.19,	21.8,	23.0,	23.0
404.7307879924774,	33.33333333333333,	25.0,	22.19,	21.83,	23.0,	23.0
405.73195242881775,	33.33333333333333,	25.0,	22.19,	21.77,	23.0,	23.0
406.7330598831177,	33.33333333333333,	25.0,	22.19,	21.87,	23.0,	23.0
407.7342162132263,	33.33333333333333,	25.0,	22.19,	21.87,	23.0,	23.0
408.7351105213165,	33.33333333333333,	25.0,	22.19,	21.83,	23.0,	23.0
409.7359049320221,	33.33333333333333,	25.0,	22.16,	21.87,	23.0,	23.0
410.73667073249817,	33.33333333333333,	25.0,	22.19,	21.8,	23.0,	23.0
411.73760652542114,	33.33333333333333,	25.0,	22.19,	21.83,	23.0,	23.0
412.7528610229492,	33.33333333333333,	25.0,	22.16,	21.83,	23.0,	23.0
413.7537941932678,	33.33333333333333,	25.0,	22.19,	21.83,	23.0,	23.0
414.75466871261597,	33.33333333333333,	25.0,	22.19,	21.83,	23.0,	23.0
415.7554061412811,	33.33333333333333,	25.0,	22.19,	21.83,	23.0,	23.0
416.75600028038025,	33.33333333333333,	25.0,	22.19,	21.8,	23.0,	23.0
417.75740671157837,	33.33333333333333,	25.0,	22.19,	21.87,	23.0,	23.0
418.7577919960022,	33.33333333333333,	25.0,	22.19,	21.87,	23.0,	23.0
419.75822353363037,	33.33333333333333,	25.0,	22.19,	21.87,	23.0,	23.0
420.75927686691284,	33.33333333333333,	25.0,	22.16,	21.87,	23.0,	23.0
421.7602939605713,	33.33333333333333,	25.0,	22.19,	21.87,	23.0,	23.0
422.7627372741699,	33.33333333333333,	25.0,	22.19,	21.83,	23.0,	23.0
423.76378536224365,	33.33333333333333,	25.0,	22.19,	21.87,	23.0,	23.0
424.76495909690857,	33.33333333333333,	25.0,	22.19,	21.87,	23.0,	23.0
425.7661099433899,	33.33333333333333,	25.0,	22.19,	21.87,	23.0,	23.0
426.76678824424744,	33.33333333333333,	25.0,	22.19,	21.87,	23.0,	23.0
427.76746821403503,	33.33333333333333,	25.0,	22.19,	21.87,	23.0,	23.0
428.76781392097473,	33.33333333333333,	25.0,	22.19,	21.83,	23.0,	23.0
429.7688467502594,	33.33333333333333,	25.0,	22.19,	21.87,	23.0,	23.0
430.76994252204895,	33.33333333333333,	25.0,	22.19,	21.83,	23.0,	23.0
431.77031540870667,	33.33333333333333,	25.0,	22.19,	21.87,	23.0,	23.0
432.77067947387695,	33.33333333333333,	25.0,	22.19,	21.87,	23.0,	23.0
433.7731578350067,	33.33333333333333,	25.0,	22.19,	21.87,	23.0,	23.0
434.77408170700073,	33.33333333333333,	25.0,	22.19,	21.87,	23.0,	23.0
435.7748875617981,	33.33333333333333,	25.0,	22.19,	21.87,	23.0,	23.0
436.7750988006592,	33.33333333333333,	25.0,	22.19,	21.87,	23.0,	23.0
437.7761869430542,	33.33333333333333,	25.0,	22.19,	21.87,	23.0,	23.0
438.7762849330902,	33.33333333333333,	25.0,	22.19,	21.87,	23.0,	23.0
439.77752804756165,	33.33333333333333,	25.0,	22.19,	21.87,	23.0,	23.0
440.7787413597107,	33.33333333333333,	25.0,	22.19,	21.87,	23.0,	23.0
441.77993988990784,	33.33333333333333,	25.0,	22.19,	21.87,	23.0,	23.0
442.78096890449524,	33.33333333333333,	25.0,	22.19,	21.87,	23.0,	23.0
443.78229808807373,	33.33333333333333,	25.0,	22.19,	21.87,	23.0,	23.0
444.78245401382446,	33.33333333333333,	25.0,	22.19,	21.87,	23.0,	23.0
445.78288221359253,	33.33333333333333,	25.0,	22.19,	21.87,	23.0,	23.0
446.7833843231201,	33.33333333333333,	25.0,	22.19,	21.87,	23.0,	23.0
447.7837975025177,	33.33333333333333,	25.0,	22.19,	21.87,	23.0,	23.0
448.78477025032043,	33.33333333333333,	25.0,	22.19,	21.87,	23.0,	23.0
449.78567147254944,	33.33333333333333,	25.0,	22.19,	21.87,	23.0,	23.0
450.78637409210205,	33.33333333333333,	25.0,	22.19,	21.87,	23.0,	23.0
451.7869369983673,	33.33333333333333,	25.0,	22.19,	21.87,	23.0,	23.0
452.78893303871155,	33.33333333333333,	25.0,	22.19,	21.87,	23.0,	23.0
453.7894494533539,	33.33333333333333,	25.0,	22.19,	21.87,	23.0,	23.0
454.7903571128845,	33.33333333333333,	25.0,	22.19,	21.87,	23.0,	23.0
455.7911126613617,	33.33333333333333,	25.0,	22.19,	21.87,	23.0,	23.0
456.7924494743347,	33.33333333333333,	25.0,	22.19,	21.87,	23.0,	23.0
457.7942659854889,	33.33333333333333,	25.0,	22.19,	21.87,	23.0,	23.0
458.7948136329651,	33.33333333333333,	25.0,	22.19,	21.87,	23.0,	23.0
459.7955815792084,	33.33333333333333,	25.0,	22.19,	21.87,	23.0,	23.0
460.7962794303894,	33.33333333333333,	25.0,	22.19,	21.87,	23.0,	23.0
461.7973601818085,	33.33333333333333,	25.0,	22.19,	21.87,	23.0,	23.0
462.79843831062317,	33.33333333333333,	25.0,	22.19,	21.87,	23.0,	23.0
463.7995080947876,	33.33333333333333,	25.0,	22.19,	21.87,	23.0,	23.0
464.8052031993866,	33.33333333333333,	25.0,	22.19,	21.87,	23.0,	23.0
465.8059105873108,	33.33333333333333,	25.0,	22.19,	21.87,	23.0,	23.0
466.807080745697,	33.33333333333333,	25.0,	22.19,	21.87,	23.0,	23.0
467.8078806400299,	33.33333333333333,	25.0,	22.19,	21.87,	23.0,	23.0
468.8139178752899,	33.33333333333333,	25.0,	22.19,	21.87,	23.0,	23.0
469.82610750198364,	33.33333333333333,	25.0,	22.19,	21.87,	23.0,	23.0
470.82633781433105,	33.33333333333333,	25.0,	22.19,	21.87,	23.0,	23.0
471.8277201652527,	33.33333333333333,	25.0,	22.19,	21.9,	23.0,	23.0
472.828400850296,	33.33333333333333,	25.0,	22.19,	21.87,	23.0,	23.0
473.8296763896942,	33.33333333333333,	25.0,	22.19,	21.87,	23.0,	23.0
474.8307361602783,	33.33333333333333,	25.0,	22.19,	21.87,	23.0,	23.0
475.8318371772766,	33.33333333333333,	25.0,	22.19,	21.87,	23.0,	23.0
476.832293510437,	33.33333333333333,	25.0,	22.19,	21.87,	23.0,	23.0
477.83301520347595,	33.33333333333333,	25.0,	22.19,	21.9,	23.0,	23.0
478.83337688446045,	33.33333333333333,	25.0,	22.19,	21.87,	23.0,	23.0
479.8338358402252,	33.33333333333333,	25.0,	22.19,	21.87,	23.0,	23.0
480.83881664276123,	33.33333333333333,	25.0,	22.19,	21.87,	23.0,	23.0
481.8397822380066,	33.33333333333333,	25.0,	22.19,	21.9,	23.0,	23.0
482.8407053947449,	33.33333333333333,	25.0,	22.19,	21.87,	23.0,	23.0
483.84098052978516,	33.33333333333333,	25.0,	22.22,	21.87,	23.0,	23.0
484.84140968322754,	33.33333333333333,	25.0,	22.19,	21.87,	23.0,	23.0
485.8422908782959,	33.33333333333333,	25.0,	22.19,	21.87,	23.0,	23.0
486.84355425834656,	33.33333333333333,	25.0,	22.19,	21.87,	23.0,	23.0
487.8438398838043,	33.33333333333333,	25.0,	22.19,	21.87,	23.0,	23.0
488.84492206573486,	33.33333333333333,	25.0,	22.19,	21.87,	23.0,	23.0
489.8453426361084,	33.33333333333333,	25.0,	22.22,	21.9,	23.0,	23.0
490.8462679386139,	33.33333333333333,	25.0,	22.19,	21.87,	23.0,	23.0
491.847580909729,	33.33333333333333,	25.0,	22.19,	21.87,	23.0,	23.0
492.84864234924316,	33.33333333333333,	25.0,	22.22,	21.9,	23.0,	23.0
493.8502583503723,	33.33333333333333,	25.0,	22.19,	21.87,	23.0,	23.0
494.8517544269562,	33.33333333333333,	25.0,	22.22,	21.87,	23.0,	23.0
495.852703332901,	33.33333333333333,	25.0,	22.19,	21.87,	23.0,	23.0
496.8537759780884,	33.33333333333333,	25.0,	22.19,	21.87,	23.0,	23.0
497.8551561832428,	33.33333333333333,	25.0,	22.19,	21.9,	23.0,	23.0
498.85626745224,	33.33333333333333,	25.0,	22.19,	21.87,	23.0,	23.0
499.8570702075958,	33.33333333333333,	25.0,	22.19,	21.87,	23.0,	23.0
500.8593270778656,	33.33333333333333,	25.0,	22.19,	21.9,	23.0,	23.0
501.8606879711151,	33.33333333333333,	25.0,	22.19,	21.87,	23.0,	23.0
502.86137795448303,	33.33333333333333,	25.0,	22.22,	21.9,	23.0,	23.0
503.8623044490814,	33.33333333333333,	25.0,	22.19,	21.9,	23.0,	23.0
504.86369919776917,	33.33333333333333,	25.0,	22.19,	21.87,	23.0,	23.0
505.86406683921814,	33.33333333333333,	25.0,	22.19,	21.87,	23.0,	23.0
506.86463594436646,	33.33333333333333,	25.0,	22.22,	21.9,	23.0,	23.0
507.8656256198883,	33.33333333333333,	25.0,	22.22,	21.93,	23.0,	23.0
508.8659973144531,	33.33333333333333,	25.0,	22.19,	21.87,	23.0,	23.0
509.8669626712799,	33.33333333333333,	25.0,	22.22,	21.87,	23.0,	23.0
510.867879152298,	33.33333333333333,	25.0,	22.19,	21.87,	23.0,	23.0
511.86816000938416,	33.33333333333333,	25.0,	22.22,	21.87,	23.0,	23.0
512.9349434375763,	33.33333333333333,	25.0,	22.25,	21.87,	23.0,	23.0
513.9363424777985,	33.33333333333333,	25.0,	22.22,	21.87,	23.0,	23.0
514.9373512268066,	33.33333333333333,	25.0,	22.19,	21.87,	23.0,	23.0
515.9382200241089,	33.33333333333333,	25.0,	22.22,	21.87,	23.0,	23.0
516.938720703125,	33.33333333333333,	25.0,	22.19,	21.9,	23.0,	23.0
517.9399585723877,	33.33333333333333,	25.0,	22.19,	21.87,	23.0,	23.0
518.9411058425903,	33.33333333333333,	25.0,	22.25,	21.9,	23.0,	23.0
519.9421498775482,	33.33333333333333,	25.0,	22.22,	21.93,	23.0,	23.0
520.9429240226746,	33.33333333333333,	25.0,	22.22,	21.9,	23.0,	23.0
521.9435639381409,	33.33333333333333,	25.0,	22.25,	21.9,	23.0,	23.0
522.9440877437592,	33.33333333333333,	25.0,	22.19,	21.87,	23.0,	23.0
523.9445598125458,	33.33333333333333,	25.0,	22.19,	21.93,	23.0,	23.0
524.9452974796295,	33.33333333333333,	25.0,	22.22,	21.9,	23.0,	23.0
525.9459722042084,	33.33333333333333,	25.0,	22.19,	21.9,	23.0,	23.0
526.9464948177338,	33.33333333333333,	25.0,	22.19,	21.9,	23.0,	23.0
527.9471392631531,	33.33333333333333,	25.0,	22.22,	21.93,	23.0,	23.0
528.9485554695129,	33.33333333333333,	25.0,	22.19,	21.96,	23.0,	23.0
529.9537312984467,	33.33333333333333,	25.0,	22.22,	21.87,	23.0,	23.0
530.9541597366333,	33.33333333333333,	25.0,	22.22,	21.9,	23.0,	23.0
531.9542710781097,	33.33333333333333,	25.0,	22.19,	21.93,	23.0,	23.0
532.9549489021301,	33.33333333333333,	25.0,	22.22,	21.93,	23.0,	23.0
533.9555039405823,	33.33333333333333,	25.0,	22.25,	21.9,	23.0,	23.0
534.9568798542023,	33.33333333333333,	25.0,	22.25,	21.93,	23.0,	23.0
535.9580631256104,	33.33333333333333,	25.0,	22.22,	21.87,	23.0,	23.0
536.9583895206451,	33.33333333333333,	25.0,	22.22,	21.9,	23.0,	23.0
537.959320306778,	33.33333333333333,	25.0,	22.19,	21.93,	23.0,	23.0
538.9633176326752,	33.33333333333333,	25.0,	22.25,	21.9,	23.0,	23.0
539.9639720916748,	33.33333333333333,	25.0,	22.25,	21.99,	23.0,	23.0
540.9646544456482,	33.33333333333333,	25.0,	22.25,	21.9,	23.0,	23.0
541.9652724266052,	33.33333333333333,	25.0,	22.22,	21.96,	23.0,	23.0
542.9661176204681,	33.33333333333333,	25.0,	22.25,	21.93,	23.0,	23.0
543.9670922756195,	33.33333333333333,	25.0,	22.22,	21.9,	23.0,	23.0
544.9679293632507,	33.33333333333333,	25.0,	22.22,	21.9,	23.0,	23.0
545.9689521789551,	33.33333333333333,	25.0,	22.19,	21.9,	23.0,	23.0
546.9703786373138,	33.33333333333333,	25.0,	22.22,	21.96,	23.0,	23.0
547.9719088077545,	33.33333333333333,	25.0,	22.22,	21.96,	23.0,	23.0
548.9723801612854,	33.33333333333333,	25.0,	22.22,	21.93,	23.0,	23.0
549.9731633663177,	33.33333333333333,	25.0,	22.32,	21.96,	23.0,	23.0
550.9743423461914,	33.33333333333333,	25.0,	22.32,	21.93,	23.0,	23.0
551.9756577014923,	33.33333333333333,	25.0,	22.32,	21.96,	23.0,	23.0
552.976291179657,	33.33333333333333,	25.0,	22.32,	21.99,	23.0,	23.0
553.9773743152618,	33.33333333333333,	25.0,	22.25,	21.99,	23.0,	23.0
554.979086637497,	33.33333333333333,	25.0,	22.35,	21.93,	23.0,	23.0
555.9793937206268,	33.33333333333333,	25.0,	22.28,	21.93,	23.0,	23.0
556.9802465438843,	33.33333333333333,	25.0,	22.25,	21.96,	23.0,	23.0
557.9814231395721,	33.33333333333333,	25.0,	22.35,	22.03,	23.0,	23.0
558.9832813739777,	33.33333333333333,	25.0,	22.28,	21.96,	23.0,	23.0
559.9840338230133,	33.33333333333333,	25.0,	22.28,	21.93,	23.0,	23.0
560.9850587844849,	33.33333333333333,	25.0,	22.32,	21.99,	23.0,	23.0
561.9921064376831,	33.33333333333333,	25.0,	22.32,	22.03,	23.0,	23.0
562.9931342601776,	33.33333333333333,	25.0,	22.25,	21.93,	23.0,	23.0
563.9944036006927,	33.33333333333333,	25.0,	22.28,	21.96,	23.0,	23.0
564.995687007904,	33.33333333333333,	25.0,	22.32,	21.93,	23.0,	23.0
565.9975044727325,	33.33333333333333,	25.0,	22.22,	21.93,	23.0,	23.0
566.9980006217957,	33.33333333333333,	25.0,	22.28,	21.96,	23.0,	23.0
567.9987156391144,	33.33333333333333,	25.0,	22.28,	21.99,	23.0,	23.0
568.9999125003815,	33.33333333333333,	25.0,	22.32,	21.99,	23.0,	23.0
570.0004897117615,	33.33333333333333,	25.0,	22.25,	22.03,	23.0,	23.0
571.0011465549469,	33.33333333333333,	25.0,	22.28,	21.99,	23.0,	23.0
572.0017726421356,	33.33333333333333,	25.0,	22.32,	21.9,	23.0,	23.0
573.0028104782104,	33.33333333333333,	25.0,	22.25,	21.96,	23.0,	23.0
574.002904176712,	33.33333333333333,	25.0,	22.32,	21.99,	23.0,	23.0
575.0036294460297,	33.33333333333333,	25.0,	22.25,	21.96,	23.0,	23.0
576.0044391155243,	33.33333333333333,	25.0,	22.25,	21.96,	23.0,	23.0
577.0051975250244,	33.33333333333333,	25.0,	22.28,	21.96,	23.0,	23.0
578.007973909378,	33.33333333333333,	25.0,	22.35,	21.99,	23.0,	23.0
579.0093958377838,	33.33333333333333,	25.0,	22.32,	21.96,	23.0,	23.0
580.0103611946106,	33.33333333333333,	25.0,	22.28,	21.99,	23.0,	23.0
581.0115501880646,	33.33333333333333,	25.0,	22.38,	22.03,	23.0,	23.0
582.0124824047089,	33.33333333333333,	25.0,	22.28,	21.96,	23.0,	23.0
583.0131359100342,	33.33333333333333,	25.0,	22.25,	21.96,	23.0,	23.0
584.0143098831177,	33.33333333333333,	25.0,	22.25,	21.99,	23.0,	23.0
585.0145497322083,	33.33333333333333,	25.0,	22.28,	22.06,	23.0,	23.0
586.0147953033447,	33.33333333333333,	25.0,	22.35,	21.99,	23.0,	23.0
587.0156724452972,	33.33333333333333,	25.0,	22.32,	21.93,	23.0,	23.0
588.0161261558533,	33.33333333333333,	25.0,	22.35,	21.96,	23.0,	23.0
589.0163400173187,	33.33333333333333,	25.0,	22.32,	22.03,	23.0,	23.0
590.0170016288757,	33.33333333333333,	25.0,	22.28,	22.09,	23.0,	23.0
591.018232345581,	33.33333333333333,	25.0,	22.38,	21.99,	23.0,	23.0
592.0192811489105,	33.33333333333333,	25.0,	22.38,	22.06,	23.0,	23.0
593.0199720859528,	33.33333333333333,	25.0,	22.25,	21.96,	23.0,	23.0
594.0209057331085,	33.33333333333333,	25.0,	22.38,	22.03,	23.0,	23.0
595.0217080116272,	33.33333333333333,	25.0,	22.28,	22.06,	23.0,	23.0
596.0219671726227,	33.33333333333333,	25.0,	22.32,	22.06,	23.0,	23.0
597.0223250389099,	33.33333333333333,	25.0,	22.38,	22.09,	23.0,	23.0
598.0231890678406,	33.33333333333333,	25.0,	22.28,	22.06,	23.0,	23.0
599.0242412090302,	33.33333333333333,	25.0,	22.32,	22.16,	23.0,	23.0
