0.0,	0.0,	0.0,	23.48,	23.15,	23.0,	23.0
1.0001628398895264,	0.0,	0.0,	23.48,	23.15,	23.0,	23.0
2.514224052429199,	0.0,	0.0,	23.48,	23.15,	23.0,	23.0
3.515155553817749,	0.0,	0.0,	23.48,	23.12,	23.0,	23.0
4.5158607959747314,	0.0,	0.0,	23.48,	23.15,	23.0,	23.0
5.516567707061768,	0.0,	0.0,	23.48,	23.15,	23.0,	23.0
6.518147706985474,	1.0,	0.0,	23.48,	23.15,	23.0,	23.0
7.518610239028931,	1.0,	0.0,	23.48,	23.15,	23.0,	23.0
8.519878625869751,	1.0,	0.0,	23.48,	23.15,	23.0,	23.0
9.521605014801025,	1.0,	0.0,	23.48,	23.15,	23.0,	23.0
10.52257490158081,	1.0,	0.0,	23.48,	23.15,	23.0,	23.0
11.523513555526733,	1.0,	0.0,	23.48,	23.15,	23.0,	23.0
12.524325370788574,	1.0,	0.0,	23.48,	23.15,	23.0,	23.0
13.524423360824585,	1.0,	0.0,	23.48,	23.15,	23.0,	23.0
14.525044441223145,	1.0,	0.0,	23.48,	23.15,	23.0,	23.0
15.52536392211914,	1.0,	0.0,	23.48,	23.15,	23.0,	23.0
16.5261070728302,	1.0,	0.0,	23.48,	23.15,	23.0,	23.0
17.526753425598145,	1.0,	0.0,	23.48,	23.15,	23.0,	23.0
18.527910232543945,	1.0,	0.0,	23.48,	23.15,	23.0,	23.0
19.529330253601074,	1.0,	0.0,	23.48,	23.15,	23.0,	23.0
20.530797958374023,	1.0,	0.0,	23.48,	23.15,	23.0,	23.0
21.53199315071106,	1.0,	0.0,	23.48,	23.15,	23.0,	23.0
