0.0,	0.0,	0.0,	23.73,	23.22,	23.0,	23.0
1.000159740447998,	0.0,	0.0,	23.77,	23.19,	23.0,	23.0
2.000994920730591,	0.0,	0.0,	23.77,	23.22,	23.0,	23.0
3.001858711242676,	0.0,	0.0,	23.73,	23.22,	23.0,	23.0
4.002682209014893,	0.0,	0.0,	23.8,	23.22,	23.0,	23.0
5.0039403438568115,	0.0,	0.0,	23.73,	23.19,	23.0,	23.0
6.005258321762085,	33.33333333333333,	0.0,	23.8,	23.15,	23.0,	23.0
7.006414413452148,	33.33333333333333,	0.0,	23.73,	23.22,	23.0,	23.0
8.007715940475464,	33.33333333333333,	0.0,	23.73,	23.22,	23.0,	23.0
9.009347915649414,	33.33333333333333,	0.0,	23.64,	23.22,	23.0,	23.0
10.010082244873047,	33.33333333333333,	0.0,	23.7,	23.22,	23.0,	23.0
11.01136589050293,	33.33333333333333,	0.0,	23.8,	23.22,	23.0,	23.0
12.012077808380127,	33.33333333333333,	0.0,	23.77,	23.15,	23.0,	23.0
13.013328075408936,	33.33333333333333,	0.0,	23.8,	23.22,	23.0,	23.0
14.015109777450562,	33.33333333333333,	0.0,	23.8,	23.19,	23.0,	23.0
15.015579462051392,	33.33333333333333,	0.0,	23.8,	23.22,	23.0,	23.0
16.01639485359192,	33.33333333333333,	0.0,	23.8,	23.25,	23.0,	23.0
17.01730179786682,	33.33333333333333,	0.0,	23.86,	23.22,	23.0,	23.0
18.01818871498108,	33.33333333333333,	0.0,	24.12,	23.19,	23.0,	23.0
19.018880128860474,	33.33333333333333,	0.0,	24.12,	23.19,	23.0,	23.0
20.01944899559021,	33.33333333333333,	0.0,	24.12,	23.19,	23.0,	23.0
21.020456552505493,	33.33333333333333,	0.0,	24.12,	23.22,	23.0,	23.0
22.021688222885132,	33.33333333333333,	0.0,	24.28,	23.22,	23.0,	23.0
23.023277759552002,	33.33333333333333,	0.0,	24.44,	23.19,	23.0,	23.0
24.023910760879517,	33.33333333333333,	0.0,	24.44,	23.25,	23.0,	23.0
25.02527403831482,	33.33333333333333,	0.0,	24.51,	23.25,	23.0,	23.0
26.025800466537476,	33.33333333333333,	0.0,	24.73,	23.28,	23.0,	23.0
27.026431798934937,	33.33333333333333,	0.0,	24.77,	23.25,	23.0,	23.0
28.02792739868164,	33.33333333333333,	0.0,	24.77,	23.28,	23.0,	23.0
29.02876353263855,	33.33333333333333,	0.0,	25.02,	23.28,	23.0,	23.0
30.029707670211792,	33.33333333333333,	0.0,	25.09,	23.22,	23.0,	23.0
31.031400442123413,	33.33333333333333,	0.0,	25.09,	23.28,	23.0,	23.0
32.031814098358154,	33.33333333333333,	0.0,	25.41,	23.35,	23.0,	23.0
33.032257318496704,	33.33333333333333,	0.0,	25.41,	23.32,	23.0,	23.0
34.03284811973572,	33.33333333333333,	0.0,	25.51,	23.32,	23.0,	23.0
35.03418040275574,	33.33333333333333,	0.0,	25.73,	23.38,	23.0,	23.0
36.035794258117676,	33.33333333333333,	0.0,	25.73,	23.32,	23.0,	23.0
37.037219524383545,	33.33333333333333,	0.0,	25.89,	23.32,	23.0,	23.0
38.03755855560303,	33.33333333333333,	0.0,	26.05,	23.32,	23.0,	23.0
39.037691593170166,	33.33333333333333,	0.0,	26.09,	23.38,	23.0,	23.0
40.038869857788086,	33.33333333333333,	0.0,	26.18,	23.44,	23.0,	23.0
41.03956127166748,	33.33333333333333,	0.0,	26.38,	23.44,	23.0,	23.0
42.04086470603943,	33.33333333333333,	0.0,	26.44,	23.44,	23.0,	23.0
43.04150605201721,	33.33333333333333,	0.0,	26.7,	23.48,	23.0,	23.0
44.04253935813904,	33.33333333333333,	0.0,	26.7,	23.44,	23.0,	23.0
45.04326343536377,	33.33333333333333,	0.0,	26.8,	23.48,	23.0,	23.0
46.04358768463135,	33.33333333333333,	0.0,	27.02,	23.44,	23.0,	23.0
47.04432964324951,	33.33333333333333,	0.0,	27.02,	23.48,	23.0,	23.0
48.04597735404968,	33.33333333333333,	0.0,	27.31,	23.48,	23.0,	23.0
49.04620575904846,	33.33333333333333,	0.0,	27.34,	23.48,	23.0,	23.0
50.04682397842407,	33.33333333333333,	0.0,	27.44,	23.48,	23.0,	23.0
51.04794454574585,	33.33333333333333,	0.0,	27.67,	23.48,	23.0,	23.0
52.049448013305664,	33.33333333333333,	0.0,	27.67,	23.48,	23.0,	23.0
53.05025029182434,	33.33333333333333,	0.0,	27.92,	23.48,	23.0,	23.0
54.05080437660217,	33.33333333333333,	0.0,	27.99,	23.48,	23.0,	23.0
55.05145215988159,	33.33333333333333,	0.0,	28.02,	23.48,	23.0,	23.0
56.05164813995361,	33.33333333333333,	0.0,	28.31,	23.48,	23.0,	23.0
57.05291557312012,	33.33333333333333,	0.0,	28.31,	23.51,	23.0,	23.0
58.054285764694214,	33.33333333333333,	0.0,	28.57,	23.48,	23.0,	23.0
59.05548286437988,	33.33333333333333,	0.0,	28.63,	23.51,	23.0,	23.0
60.056057929992676,	33.33333333333333,	0.0,	28.73,	23.48,	23.0,	23.0
61.05698585510254,	33.33333333333333,	0.0,	28.92,	23.54,	23.0,	23.0
62.05848789215088,	33.33333333333333,	0.0,	28.99,	23.67,	23.0,	23.0
63.059520959854126,	33.33333333333333,	0.0,	29.08,	23.64,	23.0,	23.0
64.06037521362305,	33.33333333333333,	0.0,	29.28,	23.73,	23.0,	23.0
65.0612587928772,	33.33333333333333,	0.0,	29.34,	23.67,	23.0,	23.0
66.06245350837708,	33.33333333333333,	0.0,	29.6,	23.77,	23.0,	23.0
67.0633008480072,	33.33333333333333,	0.0,	29.6,	23.8,	23.0,	23.0
68.06450533866882,	33.33333333333333,	0.0,	29.63,	23.77,	23.0,	23.0
69.06534028053284,	33.33333333333333,	0.0,	29.89,	23.8,	23.0,	23.0
70.0663549900055,	33.33333333333333,	0.0,	29.92,	23.8,	23.0,	23.0
71.06690621376038,	33.33333333333333,	0.0,	30.02,	23.8,	23.0,	23.0
72.06776762008667,	33.33333333333333,	0.0,	30.24,	23.8,	23.0,	23.0
73.06916952133179,	33.33333333333333,	0.0,	30.24,	23.8,	23.0,	23.0
74.06971907615662,	33.33333333333333,	0.0,	30.5,	23.83,	23.0,	23.0
75.0702588558197,	33.33333333333333,	0.0,	30.57,	23.83,	23.0,	23.0
76.07116651535034,	33.33333333333333,	0.0,	30.57,	23.8,	23.0,	23.0
77.07231402397156,	33.33333333333333,	0.0,	30.86,	23.86,	23.0,	23.0
78.0729911327362,	33.33333333333333,	0.0,	30.89,	23.86,	23.0,	23.0
79.07425141334534,	33.33333333333333,	0.0,	30.99,	23.96,	23.0,	23.0
80.07508158683777,	33.33333333333333,	0.0,	31.18,	23.93,	23.0,	23.0
81.07583212852478,	33.33333333333333,	0.0,	31.21,	24.02,	23.0,	23.0
82.0776014328003,	33.33333333333333,	0.0,	31.4,	24.06,	23.0,	23.0
83.07793164253235,	33.33333333333333,	0.0,	31.47,	24.12,	23.0,	23.0
84.07912945747375,	33.33333333333333,	0.0,	31.53,	24.12,	23.0,	23.0
85.08046174049377,	33.33333333333333,	0.0,	31.86,	24.12,	23.0,	23.0
86.08180856704712,	33.33333333333333,	0.0,	31.86,	24.12,	23.0,	23.0
87.08296155929565,	33.33333333333333,	0.0,	31.89,	24.12,	23.0,	23.0
88.08416533470154,	33.33333333333333,	0.0,	32.08,	24.12,	23.0,	23.0
89.08500695228577,	33.33333333333333,	0.0,	32.18,	24.12,	23.0,	23.0
90.08593726158142,	33.33333333333333,	0.0,	32.34,	24.12,	23.0,	23.0
91.08699083328247,	33.33333333333333,	0.0,	32.5,	24.19,	23.0,	23.0
92.08826565742493,	33.33333333333333,	0.0,	32.5,	24.25,	23.0,	23.0
93.08872628211975,	33.33333333333333,	0.0,	32.56,	24.19,	23.0,	23.0
94.08945155143738,	33.33333333333333,	0.0,	32.79,	24.31,	23.0,	23.0
95.09027695655823,	33.33333333333333,	0.0,	32.82,	24.41,	23.0,	23.0
96.09115481376648,	33.33333333333333,	0.0,	32.95,	24.35,	23.0,	23.0
97.09256553649902,	33.33333333333333,	0.0,	33.11,	24.44,	23.0,	23.0
98.09403252601624,	33.33333333333333,	0.0,	33.14,	24.44,	23.0,	23.0
99.09442663192749,	33.33333333333333,	0.0,	33.27,	24.44,	23.0,	23.0
100.0956289768219,	33.33333333333333,	0.0,	33.47,	24.44,	23.0,	23.0
101.0962929725647,	33.33333333333333,	0.0,	33.47,	24.44,	23.0,	23.0
102.09709286689758,	33.33333333333333,	0.0,	33.63,	24.44,	23.0,	23.0
103.09830260276794,	33.33333333333333,	0.0,	33.79,	24.48,	23.0,	23.0
104.09920525550842,	33.33333333333333,	0.0,	33.82,	24.44,	23.0,	23.0
105.0997543334961,	33.33333333333333,	0.0,	33.82,	24.57,	23.0,	23.0
106.10230469703674,	33.33333333333333,	0.0,	34.11,	24.7,	23.0,	23.0
107.10298037528992,	33.33333333333333,	0.0,	34.11,	24.77,	23.0,	23.0
108.10397005081177,	33.33333333333333,	0.0,	34.21,	24.73,	23.0,	23.0
109.10500288009644,	33.33333333333333,	0.0,	34.43,	24.77,	23.0,	23.0
110.10562372207642,	33.33333333333333,	0.0,	34.43,	24.77,	23.0,	23.0
111.10600662231445,	33.33333333333333,	0.0,	34.47,	24.77,	23.0,	23.0
112.1061475276947,	33.33333333333333,	0.0,	34.66,	24.77,	23.0,	23.0
113.10730171203613,	33.33333333333333,	0.0,	34.76,	24.77,	23.0,	23.0
114.10755228996277,	33.33333333333333,	0.0,	34.76,	24.83,	23.0,	23.0
115.10883235931396,	33.33333333333333,	0.0,	34.88,	24.83,	23.0,	23.0
116.10933303833008,	33.33333333333333,	0.0,	35.05,	24.83,	23.0,	23.0
117.10960292816162,	33.33333333333333,	0.0,	35.08,	24.83,	23.0,	23.0
118.1110110282898,	33.33333333333333,	0.0,	35.11,	24.93,	23.0,	23.0
119.11206388473511,	33.33333333333333,	0.0,	35.27,	25.09,	23.0,	23.0
120.11281156539917,	33.33333333333333,	0.0,	35.4,	25.09,	23.0,	23.0
121.11315989494324,	33.33333333333333,	0.0,	35.4,	25.09,	23.0,	23.0
122.11339259147644,	33.33333333333333,	0.0,	35.59,	25.09,	23.0,	23.0
123.11397862434387,	33.33333333333333,	0.0,	35.72,	25.09,	23.0,	23.0
124.11453151702881,	33.33333333333333,	0.0,	35.72,	25.09,	23.0,	23.0
125.11552858352661,	33.33333333333333,	0.0,	35.88,	25.09,	23.0,	23.0
126.11621856689453,	33.33333333333333,	0.0,	36.04,	25.09,	23.0,	23.0
127.1171817779541,	33.33333333333333,	0.0,	36.04,	25.09,	23.0,	23.0
128.11833310127258,	33.33333333333333,	0.0,	36.08,	25.15,	23.0,	23.0
129.11966681480408,	33.33333333333333,	0.0,	36.21,	25.25,	23.0,	23.0
130.12065529823303,	33.33333333333333,	0.0,	36.37,	25.38,	23.0,	23.0
131.12113499641418,	33.33333333333333,	0.0,	36.37,	25.41,	23.0,	23.0
132.12170386314392,	33.33333333333333,	0.0,	36.37,	25.41,	23.0,	23.0
133.12357711791992,	33.33333333333333,	0.0,	36.56,	25.41,	23.0,	23.0
134.1269292831421,	33.33333333333333,	0.0,	36.69,	25.41,	23.0,	23.0
135.12788724899292,	33.33333333333333,	0.0,	36.69,	25.41,	23.0,	23.0
136.12806344032288,	33.33333333333333,	0.0,	36.69,	25.41,	23.0,	23.0
137.12896180152893,	33.33333333333333,	0.0,	36.95,	25.44,	23.0,	23.0
138.12962985038757,	33.33333333333333,	0.0,	37.01,	25.47,	23.0,	23.0
139.1301145553589,	33.33333333333333,	0.0,	37.01,	25.6,	23.0,	23.0
140.13122987747192,	33.33333333333333,	0.0,	37.04,	25.6,	23.0,	23.0
141.13173007965088,	33.33333333333333,	0.0,	37.17,	25.67,	23.0,	23.0
142.13288402557373,	33.33333333333333,	0.0,	37.3,	25.73,	23.0,	23.0
143.13350820541382,	33.33333333333333,	0.0,	37.33,	25.73,	23.0,	23.0
144.13459253311157,	33.33333333333333,	0.0,	37.33,	25.73,	23.0,	23.0
145.1349799633026,	33.33333333333333,	0.0,	37.37,	25.73,	23.0,	23.0
146.13554668426514,	33.33333333333333,	0.0,	37.59,	25.73,	23.0,	23.0
147.13628125190735,	33.33333333333333,	0.0,	37.66,	25.73,	23.0,	23.0
148.13680338859558,	33.33333333333333,	0.0,	37.66,	25.73,	23.0,	23.0
149.1378767490387,	33.33333333333333,	0.0,	37.69,	25.89,	23.0,	23.0
150.1389091014862,	33.33333333333333,	0.0,	37.69,	25.89,	23.0,	23.0
151.14127397537231,	33.33333333333333,	0.0,	37.91,	25.99,	23.0,	23.0
152.14284348487854,	33.33333333333333,	0.0,	37.98,	26.02,	23.0,	23.0
153.14377808570862,	33.33333333333333,	0.0,	37.98,	26.02,	23.0,	23.0
154.14467906951904,	33.33333333333333,	0.0,	38.04,	26.05,	23.0,	23.0
155.14528632164001,	33.33333333333333,	0.0,	38.27,	26.05,	23.0,	23.0
156.14535784721375,	33.33333333333333,	0.0,	38.3,	26.05,	23.0,	23.0
157.1459572315216,	33.33333333333333,	0.0,	38.3,	26.05,	23.0,	23.0
158.14688634872437,	33.33333333333333,	0.0,	38.37,	26.05,	23.0,	23.0
159.14744663238525,	33.33333333333333,	0.0,	38.59,	26.12,	23.0,	23.0
160.14779472351074,	33.33333333333333,	0.0,	38.62,	26.09,	23.0,	23.0
161.1486132144928,	33.33333333333333,	0.0,	38.62,	26.22,	23.0,	23.0
162.14908933639526,	33.33333333333333,	0.0,	38.72,	26.25,	23.0,	23.0
163.1495177745819,	33.33333333333333,	0.0,	38.82,	26.31,	23.0,	23.0
164.1501967906952,	33.33333333333333,	0.0,	38.95,	26.38,	23.0,	23.0
165.1510031223297,	33.33333333333333,	0.0,	38.95,	26.38,	23.0,	23.0
166.15182876586914,	33.33333333333333,	0.0,	38.95,	26.38,	23.0,	23.0
167.15275597572327,	33.33333333333333,	0.0,	38.98,	26.38,	23.0,	23.0
168.15366077423096,	33.33333333333333,	0.0,	39.14,	26.38,	23.0,	23.0
169.15422177314758,	33.33333333333333,	0.0,	39.27,	26.38,	23.0,	23.0
170.15461802482605,	33.33333333333333,	0.0,	39.27,	26.41,	23.0,	23.0
171.1557822227478,	33.33333333333333,	0.0,	39.27,	26.38,	23.0,	23.0
172.15620493888855,	33.33333333333333,	0.0,	39.3,	26.51,	23.0,	23.0
173.15663242340088,	33.33333333333333,	0.0,	39.33,	26.51,	23.0,	23.0
174.15759348869324,	33.33333333333333,	0.0,	39.53,	26.63,	23.0,	23.0
175.15817308425903,	33.33333333333333,	0.0,	39.59,	26.7,	23.0,	23.0
176.1595423221588,	33.33333333333333,	0.0,	39.59,	26.7,	23.0,	23.0
177.15981698036194,	33.33333333333333,	0.0,	39.62,	26.7,	23.0,	23.0
178.16083693504333,	33.33333333333333,	0.0,	39.72,	26.7,	23.0,	23.0
179.1616508960724,	33.33333333333333,	0.0,	39.88,	26.7,	23.0,	23.0
180.16291666030884,	33.33333333333333,	0.0,	39.91,	26.7,	23.0,	23.0
181.16378164291382,	33.33333333333333,	0.0,	39.91,	26.73,	23.0,	23.0
182.16500997543335,	33.33333333333333,	0.0,	39.94,	26.76,	23.0,	23.0
183.1662790775299,	33.33333333333333,	0.0,	40.17,	26.83,	23.0,	23.0
184.16769790649414,	33.33333333333333,	0.0,	40.23,	26.96,	23.0,	23.0
185.16838812828064,	33.33333333333333,	0.0,	40.23,	26.92,	23.0,	23.0
186.16924858093262,	33.33333333333333,	0.0,	40.23,	27.02,	23.0,	23.0
187.1696536540985,	33.33333333333333,	0.0,	40.3,	26.99,	23.0,	23.0
188.1705756187439,	33.33333333333333,	0.0,	40.46,	27.02,	23.0,	23.0
189.17114305496216,	33.33333333333333,	0.0,	40.56,	27.02,	23.0,	23.0
190.17136788368225,	33.33333333333333,	0.0,	40.56,	27.02,	23.0,	23.0
191.1717882156372,	33.33333333333333,	0.0,	40.56,	27.02,	23.0,	23.0
192.17314958572388,	33.33333333333333,	0.0,	40.75,	27.02,	23.0,	23.0
193.17384004592896,	33.33333333333333,	0.0,	40.85,	27.05,	23.0,	23.0
194.1745069026947,	33.33333333333333,	0.0,	40.88,	27.09,	23.0,	23.0
195.1756763458252,	33.33333333333333,	0.0,	40.88,	27.21,	23.0,	23.0
196.17611265182495,	33.33333333333333,	0.0,	40.88,	27.21,	23.0,	23.0
197.17707109451294,	33.33333333333333,	0.0,	40.91,	27.28,	23.0,	23.0
198.17757892608643,	33.33333333333333,	0.0,	41.01,	27.31,	23.0,	23.0
199.1781506538391,	33.33333333333333,	0.0,	41.2,	27.34,	23.0,	23.0
200.17890286445618,	33.33333333333333,	0.0,	41.2,	27.34,	23.0,	23.0
201.18004536628723,	33.33333333333333,	0.0,	41.2,	27.34,	23.0,	23.0
202.1809277534485,	33.33333333333333,	0.0,	41.23,	27.34,	23.0,	23.0
203.1815366744995,	33.33333333333333,	0.0,	41.39,	27.34,	23.0,	23.0
204.18251991271973,	33.33333333333333,	0.0,	41.46,	27.34,	23.0,	23.0
205.18347764015198,	33.33333333333333,	0.0,	41.52,	27.41,	23.0,	23.0
206.18525862693787,	33.33333333333333,	0.0,	41.52,	27.41,	23.0,	23.0
207.18631529808044,	33.33333333333333,	0.0,	41.52,	27.41,	23.0,	23.0
208.18729424476624,	33.33333333333333,	0.0,	41.52,	27.44,	23.0,	23.0
209.18849420547485,	33.33333333333333,	0.0,	41.56,	27.63,	23.0,	23.0
210.1895625591278,	33.33333333333333,	0.0,	41.59,	27.67,	23.0,	23.0
211.19045209884644,	33.33333333333333,	0.0,	41.72,	27.63,	23.0,	23.0
212.19171619415283,	33.33333333333333,	0.0,	41.85,	27.67,	23.0,	23.0
213.19255018234253,	33.33333333333333,	0.0,	41.85,	27.67,	23.0,	23.0
214.19324493408203,	33.33333333333333,	0.0,	41.85,	27.67,	23.0,	23.0
215.1942880153656,	33.33333333333333,	0.0,	41.85,	27.67,	23.0,	23.0
216.19469118118286,	33.33333333333333,	0.0,	41.88,	27.67,	23.0,	23.0
217.19533967971802,	33.33333333333333,	0.0,	41.91,	27.7,	23.0,	23.0
218.1965045928955,	33.33333333333333,	0.0,	42.1,	27.67,	23.0,	23.0
219.19773268699646,	33.33333333333333,	0.0,	42.17,	27.73,	23.0,	23.0
220.19915533065796,	33.33333333333333,	0.0,	42.17,	27.79,	23.0,	23.0
221.19999527931213,	33.33333333333333,	0.0,	42.2,	27.96,	23.0,	23.0
222.2006812095642,	33.33333333333333,	0.0,	42.23,	27.99,	23.0,	23.0
223.20172905921936,	33.33333333333333,	0.0,	42.36,	27.99,	23.0,	23.0
224.20301723480225,	33.33333333333333,	0.0,	42.43,	27.99,	23.0,	23.0
225.20391392707825,	33.33333333333333,	0.0,	42.49,	27.99,	23.0,	23.0
226.20436334609985,	33.33333333333333,	0.0,	42.49,	27.99,	23.0,	23.0
227.2052617073059,	33.33333333333333,	0.0,	42.49,	27.99,	23.0,	23.0
228.20619750022888,	33.33333333333333,	0.0,	42.49,	27.99,	23.0,	23.0
229.20739150047302,	33.33333333333333,	0.0,	42.65,	28.05,	23.0,	23.0
230.2086067199707,	33.33333333333333,	0.0,	42.75,	28.05,	23.0,	23.0
231.2098491191864,	33.33333333333333,	0.0,	42.81,	28.15,	23.0,	23.0
232.21094751358032,	33.33333333333333,	0.0,	42.81,	28.28,	23.0,	23.0
233.21196627616882,	33.33333333333333,	0.0,	42.81,	28.25,	23.0,	23.0
234.2133285999298,	33.33333333333333,	0.0,	42.81,	28.31,	23.0,	23.0
235.21859407424927,	33.33333333333333,	0.0,	42.84,	28.28,	23.0,	23.0
236.21943616867065,	33.33333333333333,	0.0,	42.94,	28.31,	23.0,	23.0
237.21983814239502,	33.33333333333333,	0.0,	43.01,	28.31,	23.0,	23.0
238.21987986564636,	33.33333333333333,	0.0,	43.1,	28.31,	23.0,	23.0
239.2203414440155,	33.33333333333333,	0.0,	43.13,	28.31,	23.0,	23.0
240.22083497047424,	33.33333333333333,	0.0,	43.13,	28.31,	23.0,	23.0
241.22207593917847,	33.33333333333333,	0.0,	43.13,	28.37,	23.0,	23.0
242.2229928970337,	33.33333333333333,	0.0,	43.13,	28.44,	23.0,	23.0
243.22401213645935,	33.33333333333333,	0.0,	43.17,	28.37,	23.0,	23.0
244.2257616519928,	33.33333333333333,	0.0,	43.23,	28.54,	23.0,	23.0
245.22745203971863,	33.33333333333333,	0.0,	43.46,	28.57,	23.0,	23.0
246.22798681259155,	33.33333333333333,	0.0,	43.46,	28.6,	23.0,	23.0
247.22862577438354,	33.33333333333333,	0.0,	43.46,	28.63,	23.0,	23.0
248.22971391677856,	33.33333333333333,	0.0,	43.46,	28.63,	23.0,	23.0
249.23082613945007,	33.33333333333333,	0.0,	43.46,	28.63,	23.0,	23.0
250.23171615600586,	33.33333333333333,	0.0,	43.46,	28.63,	23.0,	23.0
251.2331624031067,	33.33333333333333,	0.0,	43.49,	28.63,	23.0,	23.0
252.23434734344482,	33.33333333333333,	0.0,	43.49,	28.63,	23.0,	23.0
253.23508191108704,	33.33333333333333,	0.0,	43.65,	28.63,	23.0,	23.0
254.23602676391602,	33.33333333333333,	0.0,	43.75,	28.7,	23.0,	23.0
255.23696041107178,	33.33333333333333,	0.0,	43.78,	28.73,	23.0,	23.0
256.2380747795105,	33.33333333333333,	0.0,	43.78,	28.73,	23.0,	23.0
257.23909163475037,	33.33333333333333,	0.0,	43.78,	28.86,	23.0,	23.0
258.23939752578735,	33.33333333333333,	0.0,	43.78,	28.89,	23.0,	23.0
259.23995566368103,	33.33333333333333,	0.0,	43.88,	28.92,	23.0,	23.0
260.24037861824036,	33.33333333333333,	0.0,	43.88,	28.96,	23.0,	23.0
261.2406258583069,	33.33333333333333,	0.0,	43.94,	28.96,	23.0,	23.0
262.2414426803589,	33.33333333333333,	0.0,	44.1,	28.96,	23.0,	23.0
263.24280619621277,	33.33333333333333,	0.0,	44.07,	28.96,	23.0,	23.0
264.24430799484253,	33.33333333333333,	0.0,	44.1,	28.96,	23.0,	23.0
265.24506878852844,	33.33333333333333,	0.0,	44.1,	28.96,	23.0,	23.0
266.24579524993896,	33.33333333333333,	0.0,	44.1,	29.05,	23.0,	23.0
267.2466220855713,	33.33333333333333,	0.0,	44.1,	28.99,	23.0,	23.0
268.2470576763153,	33.33333333333333,	0.0,	44.13,	29.05,	23.0,	23.0
269.2477695941925,	33.33333333333333,	0.0,	44.1,	29.15,	23.0,	23.0
270.248916387558,	33.33333333333333,	0.0,	44.2,	29.05,	23.0,	23.0
271.24952602386475,	33.33333333333333,	0.0,	44.33,	29.18,	23.0,	23.0
272.24994373321533,	33.33333333333333,	0.0,	44.39,	29.08,	23.0,	23.0
273.2503893375397,	33.33333333333333,	0.0,	44.42,	29.25,	23.0,	23.0
274.25097846984863,	33.33333333333333,	0.0,	44.42,	29.28,	23.0,	23.0
275.25206565856934,	33.33333333333333,	0.0,	44.42,	29.28,	23.0,	23.0
276.2525420188904,	33.33333333333333,	0.0,	44.42,	29.28,	23.0,	23.0
277.25399255752563,	33.33333333333333,	0.0,	44.42,	29.28,	23.0,	23.0
278.25554943084717,	33.33333333333333,	0.0,	44.42,	29.28,	23.0,	23.0
279.2563965320587,	33.33333333333333,	0.0,	44.55,	29.28,	23.0,	23.0
280.25684547424316,	33.33333333333333,	0.0,	44.68,	29.28,	23.0,	23.0
281.2578454017639,	33.33333333333333,	0.0,	44.71,	29.31,	23.0,	23.0
282.25820684432983,	33.33333333333333,	0.0,	44.75,	29.28,	23.0,	23.0
283.25895071029663,	33.33333333333333,	0.0,	44.75,	29.44,	23.0,	23.0
284.259822845459,	33.33333333333333,	0.0,	44.75,	29.41,	23.0,	23.0
285.26124691963196,	33.33333333333333,	0.0,	44.75,	29.5,	23.0,	23.0
286.26194500923157,	33.33333333333333,	0.0,	44.75,	29.5,	23.0,	23.0
287.2629051208496,	33.33333333333333,	0.0,	44.88,	29.57,	23.0,	23.0
288.26385736465454,	33.33333333333333,	0.0,	44.88,	29.6,	23.0,	23.0
289.2649722099304,	33.33333333333333,	0.0,	45.04,	29.57,	23.0,	23.0
290.26576685905457,	33.33333333333333,	0.0,	45.04,	29.6,	23.0,	23.0
291.2661292552948,	33.33333333333333,	0.0,	45.07,	29.6,	23.0,	23.0
292.2668807506561,	33.33333333333333,	0.0,	45.07,	29.6,	23.0,	23.0
293.2685842514038,	33.33333333333333,	0.0,	45.07,	29.6,	23.0,	23.0
294.2692985534668,	33.33333333333333,	0.0,	45.07,	29.6,	23.0,	23.0
295.27033948898315,	33.33333333333333,	0.0,	45.07,	29.63,	23.0,	23.0
296.27157258987427,	33.33333333333333,	0.0,	45.07,	29.66,	23.0,	23.0
297.27173709869385,	33.33333333333333,	0.0,	45.07,	29.73,	23.0,	23.0
298.27245903015137,	33.33333333333333,	0.0,	45.13,	29.83,	23.0,	23.0
299.27339220046997,	33.33333333333333,	0.0,	45.17,	29.73,	23.0,	23.0
300.27445912361145,	33.33333333333333,	25.0,	45.2,	29.86,	23.0,	23.0
301.276242017746,	33.33333333333333,	25.0,	45.29,	29.99,	23.0,	23.0
302.27703499794006,	33.33333333333333,	25.0,	45.29,	30.02,	23.0,	23.0
303.27877616882324,	33.33333333333333,	25.0,	45.36,	30.02,	23.0,	23.0
304.2798569202423,	33.33333333333333,	25.0,	45.33,	30.02,	23.0,	23.0
305.2807683944702,	33.33333333333333,	25.0,	45.39,	30.02,	23.0,	23.0
306.2814905643463,	33.33333333333333,	25.0,	45.39,	30.12,	23.0,	23.0
307.28316283226013,	33.33333333333333,	25.0,	45.39,	30.02,	23.0,	23.0
308.2837119102478,	33.33333333333333,	25.0,	45.39,	30.12,	23.0,	23.0
309.28425693511963,	33.33333333333333,	25.0,	45.42,	30.12,	23.0,	23.0
310.28464818000793,	33.33333333333333,	25.0,	45.42,	30.18,	23.0,	23.0
311.2860436439514,	33.33333333333333,	25.0,	45.49,	30.31,	23.0,	23.0
312.2871015071869,	33.33333333333333,	25.0,	45.49,	30.31,	23.0,	23.0
313.28731083869934,	33.33333333333333,	25.0,	45.58,	30.34,	23.0,	23.0
314.2890200614929,	33.33333333333333,	25.0,	45.68,	30.44,	23.0,	23.0
315.28964376449585,	33.33333333333333,	25.0,	45.68,	30.47,	23.0,	23.0
316.29057216644287,	33.33333333333333,	25.0,	45.71,	30.47,	23.0,	23.0
317.29156970977783,	33.33333333333333,	25.0,	45.71,	30.7,	23.0,	23.0
318.292352437973,	33.33333333333333,	25.0,	45.71,	30.63,	23.0,	23.0
319.2927551269531,	33.33333333333333,	25.0,	45.71,	30.66,	23.0,	23.0
320.2939145565033,	33.33333333333333,	25.0,	45.71,	30.73,	23.0,	23.0
321.2945930957794,	33.33333333333333,	25.0,	45.75,	30.89,	23.0,	23.0
322.29515743255615,	33.33333333333333,	25.0,	45.75,	30.99,	23.0,	23.0
323.29684829711914,	33.33333333333333,	25.0,	45.75,	31.05,	23.0,	23.0
324.29825711250305,	33.33333333333333,	25.0,	45.81,	30.99,	23.0,	23.0
325.2989661693573,	33.33333333333333,	25.0,	45.87,	31.08,	23.0,	23.0
326.2997784614563,	33.33333333333333,	25.0,	45.97,	31.08,	23.0,	23.0
327.30151438713074,	33.33333333333333,	25.0,	46.04,	31.24,	23.0,	23.0
328.3028643131256,	33.33333333333333,	25.0,	46.0,	31.21,	23.0,	23.0
329.3040568828583,	33.33333333333333,	25.0,	46.04,	31.31,	23.0,	23.0
330.3053572177887,	33.33333333333333,	25.0,	46.04,	31.44,	23.0,	23.0
331.3063066005707,	33.33333333333333,	25.0,	46.04,	31.6,	23.0,	23.0
332.30694794654846,	33.33333333333333,	25.0,	46.07,	31.63,	23.0,	23.0
333.3077850341797,	33.33333333333333,	25.0,	46.04,	31.63,	23.0,	23.0
334.3090193271637,	33.33333333333333,	25.0,	46.07,	31.79,	23.0,	23.0
335.3099341392517,	33.33333333333333,	25.0,	46.1,	31.89,	23.0,	23.0
336.31097197532654,	33.33333333333333,	25.0,	46.33,	31.92,	23.0,	23.0
337.31133580207825,	33.33333333333333,	25.0,	46.36,	32.05,	23.0,	23.0
338.3121750354767,	33.33333333333333,	25.0,	46.36,	31.95,	23.0,	23.0
339.3132236003876,	33.33333333333333,	25.0,	46.36,	32.08,	23.0,	23.0
340.31479358673096,	33.33333333333333,	25.0,	46.36,	32.11,	23.0,	23.0
341.3150985240936,	33.33333333333333,	25.0,	46.39,	32.27,	23.0,	23.0
342.31801319122314,	33.33333333333333,	25.0,	46.36,	32.27,	23.0,	23.0
343.31942343711853,	33.33333333333333,	25.0,	46.39,	32.31,	23.0,	23.0
344.32015681266785,	33.33333333333333,	25.0,	46.45,	32.6,	23.0,	23.0
345.3212478160858,	33.33333333333333,	25.0,	46.58,	32.6,	23.0,	23.0
346.3217544555664,	33.33333333333333,	25.0,	46.55,	32.6,	23.0,	23.0
347.32719016075134,	33.33333333333333,	25.0,	46.65,	32.6,	23.0,	23.0
348.3283808231354,	33.33333333333333,	25.0,	46.68,	32.66,	23.0,	23.0
349.32869052886963,	33.33333333333333,	25.0,	46.68,	32.85,	23.0,	23.0
350.33064913749695,	33.33333333333333,	25.0,	46.68,	32.92,	23.0,	23.0
351.33109402656555,	33.33333333333333,	25.0,	46.68,	32.82,	23.0,	23.0
352.3320300579071,	33.33333333333333,	25.0,	46.68,	32.82,	23.0,	23.0
353.33231687545776,	33.33333333333333,	25.0,	46.68,	33.05,	23.0,	23.0
354.3341624736786,	33.33333333333333,	25.0,	46.71,	33.14,	23.0,	23.0
355.3351237773895,	33.33333333333333,	25.0,	46.68,	33.24,	23.0,	23.0
356.33550810813904,	33.33333333333333,	25.0,	46.71,	33.27,	23.0,	23.0
357.3373649120331,	33.33333333333333,	25.0,	46.78,	33.34,	23.0,	23.0
358.33865189552307,	33.33333333333333,	25.0,	46.91,	33.47,	23.0,	23.0
359.33905506134033,	33.33333333333333,	25.0,	46.97,	33.5,	23.0,	23.0
360.3403797149658,	33.33333333333333,	25.0,	47.0,	33.63,	23.0,	23.0
361.34177684783936,	33.33333333333333,	25.0,	47.0,	33.47,	23.0,	23.0
362.34271812438965,	33.33333333333333,	25.0,	47.0,	33.69,	23.0,	23.0
363.3430140018463,	33.33333333333333,	25.0,	47.0,	33.76,	23.0,	23.0
364.3436279296875,	33.33333333333333,	25.0,	47.0,	33.79,	23.0,	23.0
365.34480476379395,	33.33333333333333,	25.0,	47.0,	33.85,	23.0,	23.0
366.3458979129791,	33.33333333333333,	25.0,	47.0,	33.79,	23.0,	23.0
367.3472490310669,	33.33333333333333,	25.0,	47.03,	33.98,	23.0,	23.0
368.34786009788513,	33.33333333333333,	25.0,	47.1,	33.95,	23.0,	23.0
369.3490242958069,	33.33333333333333,	25.0,	47.23,	34.08,	23.0,	23.0
370.34932827949524,	33.33333333333333,	25.0,	47.29,	34.18,	23.0,	23.0
371.34984064102173,	33.33333333333333,	25.0,	47.32,	34.3,	23.0,	23.0
372.3506097793579,	33.33333333333333,	25.0,	47.32,	34.34,	23.0,	23.0
373.35102939605713,	33.33333333333333,	25.0,	47.32,	34.47,	23.0,	23.0
374.3520293235779,	33.33333333333333,	25.0,	47.36,	34.37,	23.0,	23.0
375.3529939651489,	33.33333333333333,	25.0,	47.32,	34.63,	23.0,	23.0
376.35421109199524,	33.33333333333333,	25.0,	47.32,	34.53,	23.0,	23.0
377.35592460632324,	33.33333333333333,	25.0,	47.32,	34.53,	23.0,	23.0
378.3569269180298,	33.33333333333333,	25.0,	47.32,	34.66,	23.0,	23.0
379.35766649246216,	33.33333333333333,	25.0,	47.39,	34.69,	23.0,	23.0
380.35915422439575,	33.33333333333333,	25.0,	47.42,	34.76,	23.0,	23.0
381.35957384109497,	33.33333333333333,	25.0,	47.61,	34.85,	23.0,	23.0
382.36004114151,	33.33333333333333,	25.0,	47.55,	34.76,	23.0,	23.0
383.3606104850769,	33.33333333333333,	25.0,	47.65,	34.95,	23.0,	23.0
384.3608441352844,	33.33333333333333,	25.0,	47.65,	35.05,	23.0,	23.0
385.3620729446411,	33.33333333333333,	25.0,	47.65,	35.11,	23.0,	23.0
386.36290884017944,	33.33333333333333,	25.0,	47.65,	35.08,	23.0,	23.0
387.36446380615234,	33.33333333333333,	25.0,	47.65,	35.17,	23.0,	23.0
388.3651943206787,	33.33333333333333,	25.0,	47.65,	35.17,	23.0,	23.0
389.36543679237366,	33.33333333333333,	25.0,	47.65,	35.17,	23.0,	23.0
390.36638617515564,	33.33333333333333,	25.0,	47.65,	35.4,	23.0,	23.0
391.36688232421875,	33.33333333333333,	25.0,	47.65,	35.4,	23.0,	23.0
392.36814546585083,	33.33333333333333,	25.0,	47.68,	35.5,	23.0,	23.0
393.3690721988678,	33.33333333333333,	25.0,	47.74,	35.5,	23.0,	23.0
394.37019872665405,	33.33333333333333,	25.0,	47.87,	35.5,	23.0,	23.0
395.3705418109894,	33.33333333333333,	25.0,	47.94,	35.63,	23.0,	23.0
396.37271904945374,	33.33333333333333,	25.0,	47.97,	35.79,	23.0,	23.0
397.40952348709106,	33.33333333333333,	25.0,	47.97,	35.79,	23.0,	23.0
398.4103901386261,	33.33333333333333,	25.0,	48.0,	35.92,	23.0,	23.0
399.4113163948059,	33.33333333333333,	25.0,	47.97,	35.82,	23.0,	23.0
400.4122803211212,	33.33333333333333,	25.0,	48.0,	35.82,	23.0,	23.0
401.4129135608673,	33.33333333333333,	25.0,	47.97,	35.88,	23.0,	23.0
402.4134042263031,	33.33333333333333,	25.0,	48.0,	36.08,	23.0,	23.0
403.41416096687317,	33.33333333333333,	25.0,	48.0,	36.14,	23.0,	23.0
404.4149160385132,	33.33333333333333,	25.0,	48.19,	36.24,	23.0,	23.0
405.41656255722046,	33.33333333333333,	25.0,	48.16,	36.14,	23.0,	23.0
406.4168510437012,	33.33333333333333,	25.0,	48.1,	36.08,	23.0,	23.0
407.41733264923096,	33.33333333333333,	25.0,	48.26,	36.24,	23.0,	23.0
408.41816663742065,	33.33333333333333,	25.0,	48.29,	36.3,	23.0,	23.0
409.41938829421997,	33.33333333333333,	25.0,	48.29,	36.46,	23.0,	23.0
410.42058515548706,	33.33333333333333,	25.0,	48.29,	36.56,	23.0,	23.0
411.42104172706604,	33.33333333333333,	25.0,	48.29,	36.46,	23.0,	23.0
412.42160511016846,	33.33333333333333,	25.0,	48.29,	36.56,	23.0,	23.0
413.4231507778168,	33.33333333333333,	25.0,	48.29,	36.56,	23.0,	23.0
414.4243338108063,	33.33333333333333,	25.0,	48.29,	36.5,	23.0,	23.0
415.42524766921997,	33.33333333333333,	25.0,	48.32,	36.72,	23.0,	23.0
416.42629647254944,	33.33333333333333,	25.0,	48.39,	36.79,	23.0,	23.0
417.42733907699585,	33.33333333333333,	25.0,	48.45,	36.88,	23.0,	23.0
418.42796754837036,	33.33333333333333,	25.0,	48.52,	36.79,	23.0,	23.0
419.4291250705719,	33.33333333333333,	25.0,	48.55,	36.88,	23.0,	23.0
420.429979801178,	33.33333333333333,	25.0,	48.61,	36.79,	23.0,	23.0
421.43124890327454,	33.33333333333333,	25.0,	48.61,	36.92,	23.0,	23.0
422.4321324825287,	33.33333333333333,	25.0,	48.61,	37.08,	23.0,	23.0
423.4328315258026,	33.33333333333333,	25.0,	48.61,	37.11,	23.0,	23.0
424.4334809780121,	33.33333333333333,	25.0,	48.61,	37.08,	23.0,	23.0
425.4344072341919,	33.33333333333333,	25.0,	48.61,	37.01,	23.0,	23.0
426.43602538108826,	33.33333333333333,	25.0,	48.61,	37.01,	23.0,	23.0
427.43707633018494,	33.33333333333333,	25.0,	48.65,	37.17,	23.0,	23.0
428.43832659721375,	33.33333333333333,	25.0,	48.68,	37.11,	23.0,	23.0
429.43953108787537,	33.33333333333333,	25.0,	48.65,	37.27,	23.0,	23.0
430.4401960372925,	33.33333333333333,	25.0,	48.61,	37.33,	23.0,	23.0
431.4413106441498,	33.33333333333333,	25.0,	48.74,	37.33,	23.0,	23.0
432.4425346851349,	33.33333333333333,	25.0,	48.81,	37.33,	23.0,	23.0
433.4440975189209,	33.33333333333333,	25.0,	48.81,	37.43,	23.0,	23.0
434.44442772865295,	33.33333333333333,	25.0,	48.94,	37.43,	23.0,	23.0
435.44525599479675,	33.33333333333333,	25.0,	48.9,	37.56,	23.0,	23.0
436.4458558559418,	33.33333333333333,	25.0,	48.94,	37.59,	23.0,	23.0
437.44709825515747,	33.33333333333333,	25.0,	48.94,	37.69,	23.0,	23.0
438.4485082626343,	33.33333333333333,	25.0,	48.94,	37.66,	23.0,	23.0
439.4497079849243,	33.33333333333333,	25.0,	48.94,	37.85,	23.0,	23.0
440.4507703781128,	33.33333333333333,	25.0,	48.94,	37.75,	23.0,	23.0
441.451682806015,	33.33333333333333,	25.0,	48.94,	37.75,	23.0,	23.0
442.45181822776794,	33.33333333333333,	25.0,	48.97,	37.79,	23.0,	23.0
443.4526023864746,	33.33333333333333,	25.0,	49.0,	37.79,	23.0,	23.0
444.4537465572357,	33.33333333333333,	25.0,	49.03,	37.98,	23.0,	23.0
445.4547383785248,	33.33333333333333,	25.0,	49.13,	38.01,	23.0,	23.0
446.4558277130127,	33.33333333333333,	25.0,	49.23,	38.08,	23.0,	23.0
447.45703768730164,	33.33333333333333,	25.0,	49.26,	37.98,	23.0,	23.0
448.45772433280945,	33.33333333333333,	25.0,	49.26,	38.08,	23.0,	23.0
449.4588952064514,	33.33333333333333,	25.0,	49.26,	38.11,	23.0,	23.0
450.4603281021118,	33.33333333333333,	25.0,	49.26,	38.2,	23.0,	23.0
451.46205830574036,	33.33333333333333,	25.0,	49.26,	38.2,	23.0,	23.0
452.4629862308502,	33.33333333333333,	25.0,	49.29,	38.27,	23.0,	23.0
453.46363139152527,	33.33333333333333,	25.0,	49.32,	38.4,	23.0,	23.0
454.4638843536377,	33.33333333333333,	25.0,	49.26,	38.4,	23.0,	23.0
455.4653081893921,	33.33333333333333,	25.0,	49.32,	38.4,	23.0,	23.0
456.47173166275024,	33.33333333333333,	25.0,	49.35,	38.4,	23.0,	23.0
457.4729244709015,	33.33333333333333,	25.0,	49.42,	38.4,	23.0,	23.0
458.47415709495544,	33.33333333333333,	25.0,	49.48,	38.4,	23.0,	23.0
459.4757921695709,	33.33333333333333,	25.0,	49.55,	38.43,	23.0,	23.0
460.476603269577,	33.33333333333333,	25.0,	49.58,	38.53,	23.0,	23.0
461.4769775867462,	33.33333333333333,	25.0,	49.58,	38.49,	23.0,	23.0
462.47828459739685,	33.33333333333333,	25.0,	49.58,	38.59,	23.0,	23.0
463.47869753837585,	33.33333333333333,	25.0,	49.58,	38.82,	23.0,	23.0
464.4822793006897,	33.33333333333333,	25.0,	49.58,	38.82,	23.0,	23.0
465.48367071151733,	33.33333333333333,	25.0,	49.64,	38.72,	23.0,	23.0
466.48575925827026,	33.33333333333333,	25.0,	49.58,	38.72,	23.0,	23.0
467.4872763156891,	33.33333333333333,	25.0,	49.58,	38.82,	23.0,	23.0
468.4882938861847,	33.33333333333333,	25.0,	49.58,	38.82,	23.0,	23.0
469.4891483783722,	33.33333333333333,	25.0,	49.58,	38.82,	23.0,	23.0
470.49020528793335,	33.33333333333333,	25.0,	49.58,	38.78,	23.0,	23.0
471.4914028644562,	33.33333333333333,	25.0,	49.58,	38.88,	23.0,	23.0
472.49257922172546,	33.33333333333333,	25.0,	49.58,	38.78,	23.0,	23.0
473.5204920768738,	33.33333333333333,	25.0,	49.58,	38.75,	23.0,	23.0
474.5214560031891,	33.33333333333333,	25.0,	49.58,	38.88,	23.0,	23.0
475.5228464603424,	33.33333333333333,	25.0,	49.58,	38.91,	23.0,	23.0
476.5236248970032,	33.33333333333333,	25.0,	49.58,	38.98,	23.0,	23.0
477.52440643310547,	33.33333333333333,	25.0,	49.58,	38.91,	23.0,	23.0
478.5276849269867,	33.33333333333333,	25.0,	49.58,	38.91,	23.0,	23.0
479.52910590171814,	33.33333333333333,	25.0,	49.58,	38.85,	23.0,	23.0
480.53437066078186,	33.33333333333333,	25.0,	49.58,	39.14,	23.0,	23.0
481.53518533706665,	33.33333333333333,	25.0,	49.64,	39.04,	23.0,	23.0
482.53595495224,	33.33333333333333,	25.0,	49.61,	39.04,	23.0,	23.0
483.53835272789,	33.33333333333333,	25.0,	49.71,	39.04,	23.0,	23.0
484.5412755012512,	33.33333333333333,	25.0,	49.68,	39.07,	23.0,	23.0
485.5418131351471,	33.33333333333333,	25.0,	49.87,	39.01,	23.0,	23.0
486.5430471897125,	33.33333333333333,	25.0,	49.84,	39.33,	23.0,	23.0
487.54607486724854,	33.33333333333333,	25.0,	49.87,	39.33,	23.0,	23.0
488.5470805168152,	33.33333333333333,	25.0,	49.9,	39.36,	23.0,	23.0
489.5518355369568,	33.33333333333333,	25.0,	49.9,	39.46,	23.0,	23.0
490.553213596344,	33.33333333333333,	25.0,	49.9,	39.36,	23.0,	23.0
491.554682970047,	33.33333333333333,	25.0,	49.9,	39.27,	23.0,	23.0
492.5553867816925,	33.33333333333333,	25.0,	49.9,	39.36,	23.0,	23.0
493.55591440200806,	33.33333333333333,	25.0,	49.9,	39.49,	23.0,	23.0
494.55846405029297,	33.33333333333333,	25.0,	49.9,	39.53,	23.0,	23.0
495.5598871707916,	33.33333333333333,	25.0,	49.97,	39.59,	23.0,	23.0
496.56107473373413,	33.33333333333333,	25.0,	49.97,	39.69,	23.0,	23.0
497.5620231628418,	33.33333333333333,	25.0,	50.0,	39.65,	23.0,	23.0
498.56238317489624,	33.33333333333333,	25.0,	50.16,	39.69,	23.0,	23.0
499.5637352466583,	33.33333333333333,	25.0,	50.19,	39.69,	23.0,	23.0
500.564665555954,	33.33333333333333,	25.0,	50.22,	39.69,	23.0,	23.0
501.56597661972046,	33.33333333333333,	25.0,	50.22,	39.78,	23.0,	23.0
502.5670530796051,	33.33333333333333,	25.0,	50.22,	39.72,	23.0,	23.0
503.56831192970276,	33.33333333333333,	25.0,	50.22,	39.59,	23.0,	23.0
504.5701184272766,	33.33333333333333,	25.0,	50.22,	39.62,	23.0,	23.0
505.57042503356934,	33.33333333333333,	25.0,	50.22,	39.94,	23.0,	23.0
506.5715641975403,	33.33333333333333,	25.0,	50.22,	39.85,	23.0,	23.0
507.5730872154236,	33.33333333333333,	25.0,	50.22,	40.01,	23.0,	23.0
508.57364082336426,	33.33333333333333,	25.0,	50.22,	40.01,	23.0,	23.0
509.57399797439575,	33.33333333333333,	25.0,	50.22,	40.07,	23.0,	23.0
510.5742471218109,	33.33333333333333,	25.0,	50.26,	39.91,	23.0,	23.0
511.57517433166504,	33.33333333333333,	25.0,	50.39,	40.01,	23.0,	23.0
512.5762069225311,	33.33333333333333,	25.0,	50.39,	40.01,	23.0,	23.0
513.577118396759,	33.33333333333333,	25.0,	50.42,	40.01,	23.0,	23.0
514.5784842967987,	33.33333333333333,	25.0,	50.42,	40.07,	23.0,	23.0
515.5792045593262,	33.33333333333333,	25.0,	50.39,	40.11,	23.0,	23.0
516.5799083709717,	33.33333333333333,	25.0,	50.48,	40.23,	23.0,	23.0
517.5811054706573,	33.33333333333333,	25.0,	50.51,	40.3,	23.0,	23.0
518.5818605422974,	33.33333333333333,	25.0,	50.51,	40.23,	23.0,	23.0
519.583425283432,	33.33333333333333,	25.0,	50.51,	40.33,	23.0,	23.0
520.584445476532,	33.33333333333333,	25.0,	50.55,	40.33,	23.0,	23.0
521.5856311321259,	33.33333333333333,	25.0,	50.55,	40.43,	23.0,	23.0
522.5864884853363,	33.33333333333333,	25.0,	50.55,	40.33,	23.0,	23.0
523.5874094963074,	33.33333333333333,	25.0,	50.55,	40.33,	23.0,	23.0
524.587602853775,	33.33333333333333,	25.0,	50.55,	40.23,	23.0,	23.0
525.5885279178619,	33.33333333333333,	25.0,	50.55,	40.43,	23.0,	23.0
526.5919215679169,	33.33333333333333,	25.0,	50.55,	40.4,	23.0,	23.0
527.5928511619568,	33.33333333333333,	25.0,	50.55,	40.43,	23.0,	23.0
528.5937139987946,	33.33333333333333,	25.0,	50.55,	40.49,	23.0,	23.0
529.5944557189941,	33.33333333333333,	25.0,	50.55,	40.62,	23.0,	23.0
530.5956163406372,	33.33333333333333,	25.0,	50.55,	40.69,	23.0,	23.0
531.5969030857086,	33.33333333333333,	25.0,	50.55,	40.65,	23.0,	23.0
532.5981397628784,	33.33333333333333,	25.0,	50.58,	40.65,	23.0,	23.0
533.5996201038361,	33.33333333333333,	25.0,	50.68,	40.75,	23.0,	23.0
534.6006901264191,	33.33333333333333,	25.0,	50.68,	40.56,	23.0,	23.0
535.6008296012878,	33.33333333333333,	25.0,	50.58,	40.65,	23.0,	23.0
536.601788520813,	33.33333333333333,	25.0,	50.74,	40.56,	23.0,	23.0
537.602658033371,	33.33333333333333,	25.0,	50.58,	40.65,	23.0,	23.0
538.6030821800232,	33.33333333333333,	25.0,	50.55,	40.65,	23.0,	23.0
539.6039164066315,	33.33333333333333,	25.0,	50.55,	40.65,	23.0,	23.0
540.6049780845642,	33.33333333333333,	25.0,	50.55,	40.65,	23.0,	23.0
541.6065955162048,	33.33333333333333,	25.0,	50.55,	40.75,	23.0,	23.0
542.701762676239,	33.33333333333333,	25.0,	50.55,	40.65,	23.0,	23.0
543.7021954059601,	33.33333333333333,	25.0,	50.55,	40.65,	23.0,	23.0
544.7028002738953,	33.33333333333333,	25.0,	50.55,	40.56,	23.0,	23.0
545.7035367488861,	33.33333333333333,	25.0,	50.55,	40.69,	23.0,	23.0
546.7047364711761,	33.33333333333333,	25.0,	50.55,	40.65,	23.0,	23.0
547.7725734710693,	33.33333333333333,	25.0,	50.55,	40.75,	23.0,	23.0
548.773606300354,	33.33333333333333,	25.0,	50.55,	40.65,	23.0,	23.0
549.7752976417542,	33.33333333333333,	25.0,	50.55,	40.56,	23.0,	23.0
550.775899887085,	33.33333333333333,	25.0,	50.55,	40.65,	23.0,	23.0
551.7771270275116,	33.33333333333333,	25.0,	50.55,	40.69,	23.0,	23.0
552.778219461441,	33.33333333333333,	25.0,	50.55,	40.75,	23.0,	23.0
553.7790060043335,	33.33333333333333,	25.0,	50.55,	40.81,	23.0,	23.0
554.7804629802704,	33.33333333333333,	25.0,	50.55,	40.69,	23.0,	23.0
555.7816338539124,	33.33333333333333,	25.0,	50.55,	40.85,	23.0,	23.0
556.7834844589233,	33.33333333333333,	25.0,	50.64,	40.98,	23.0,	23.0
557.7850396633148,	33.33333333333333,	25.0,	50.77,	40.98,	23.0,	23.0
558.7862768173218,	33.33333333333333,	25.0,	50.87,	40.94,	23.0,	23.0
559.7867124080658,	33.33333333333333,	25.0,	50.87,	40.98,	23.0,	23.0
560.7876317501068,	33.33333333333333,	25.0,	50.87,	41.04,	23.0,	23.0
561.7889153957367,	33.33333333333333,	25.0,	50.87,	40.98,	23.0,	23.0
562.8202474117279,	33.33333333333333,	25.0,	50.87,	40.98,	23.0,	23.0
563.8225922584534,	33.33333333333333,	25.0,	50.87,	40.98,	23.0,	23.0
564.8234956264496,	33.33333333333333,	25.0,	50.87,	40.98,	23.0,	23.0
565.824479341507,	33.33333333333333,	25.0,	50.87,	41.14,	23.0,	23.0
566.8257281780243,	33.33333333333333,	25.0,	50.9,	41.1,	23.0,	23.0
567.8267633914948,	33.33333333333333,	25.0,	50.9,	41.27,	23.0,	23.0
568.8277242183685,	33.33333333333333,	25.0,	50.93,	41.27,	23.0,	23.0
569.8285217285156,	33.33333333333333,	25.0,	51.0,	41.27,	23.0,	23.0
570.8300213813782,	33.33333333333333,	25.0,	51.13,	41.3,	23.0,	23.0
571.8303258419037,	33.33333333333333,	25.0,	51.16,	41.3,	23.0,	23.0
572.8310613632202,	33.33333333333333,	25.0,	51.16,	41.2,	23.0,	23.0
573.831864118576,	33.33333333333333,	25.0,	51.16,	41.3,	23.0,	23.0
574.8327252864838,	33.33333333333333,	25.0,	51.16,	41.39,	23.0,	23.0
575.8341345787048,	33.33333333333333,	25.0,	51.16,	41.39,	23.0,	23.0
576.8354804515839,	33.33333333333333,	25.0,	51.19,	41.2,	23.0,	23.0
577.836464881897,	33.33333333333333,	25.0,	51.19,	41.33,	23.0,	23.0
578.8373966217041,	33.33333333333333,	25.0,	51.19,	41.36,	23.0,	23.0
579.8386809825897,	33.33333333333333,	25.0,	51.19,	41.39,	23.0,	23.0
580.8399426937103,	33.33333333333333,	25.0,	51.19,	41.36,	23.0,	23.0
581.8408606052399,	33.33333333333333,	25.0,	51.19,	41.46,	23.0,	23.0
582.8417572975159,	33.33333333333333,	25.0,	51.19,	41.62,	23.0,	23.0
583.8427188396454,	33.33333333333333,	25.0,	51.22,	41.59,	23.0,	23.0
584.843798160553,	33.33333333333333,	25.0,	51.19,	41.52,	23.0,	23.0
585.8452107906342,	33.33333333333333,	25.0,	51.19,	41.62,	23.0,	23.0
586.8458635807037,	33.33333333333333,	25.0,	51.19,	41.72,	23.0,	23.0
587.8469233512878,	33.33333333333333,	25.0,	51.19,	41.52,	23.0,	23.0
588.8478894233704,	33.33333333333333,	25.0,	51.19,	41.52,	23.0,	23.0
589.8481938838959,	33.33333333333333,	25.0,	51.26,	41.59,	23.0,	23.0
590.8491554260254,	33.33333333333333,	25.0,	51.19,	41.62,	23.0,	23.0
591.8500938415527,	33.33333333333333,	25.0,	51.19,	41.62,	23.0,	23.0
592.8509700298309,	33.33333333333333,	25.0,	51.19,	41.62,	23.0,	23.0
593.8514583110809,	33.33333333333333,	25.0,	51.19,	41.62,	23.0,	23.0
594.8529529571533,	33.33333333333333,	25.0,	51.19,	41.65,	23.0,	23.0
595.8538293838501,	33.33333333333333,	25.0,	51.22,	41.65,	23.0,	23.0
596.9812631607056,	33.33333333333333,	25.0,	51.19,	41.68,	23.0,	23.0
597.9827942848206,	33.33333333333333,	25.0,	51.22,	41.78,	23.0,	23.0
598.983889579773,	33.33333333333333,	25.0,	51.19,	41.78,	23.0,	23.0
