0.0,	0.0,	0.0,	22.67,	22.48,	23.0,	23.0
1.0009286403656006,	0.0,	0.0,	22.67,	22.48,	23.0,	23.0
2.0015177726745605,	0.0,	0.0,	22.61,	22.45,	23.0,	23.0
3.002354145050049,	0.0,	0.0,	22.67,	22.51,	23.0,	23.0
4.003591775894165,	0.0,	0.0,	22.7,	22.48,	23.0,	23.0
5.0043628215789795,	0.0,	0.0,	22.67,	22.51,	23.0,	23.0
6.006008148193359,	33.33333333333333,	0.0,	22.7,	22.48,	23.0,	23.0
7.007683277130127,	33.33333333333333,	0.0,	22.83,	22.45,	23.0,	23.0
8.008674383163452,	33.33333333333333,	0.0,	22.67,	22.48,	23.0,	23.0
9.009845733642578,	33.33333333333333,	0.0,	22.74,	22.48,	23.0,	23.0
10.011574983596802,	33.33333333333333,	0.0,	22.74,	22.45,	23.0,	23.0
11.01262879371643,	33.33333333333333,	0.0,	22.77,	22.45,	23.0,	23.0
12.013519048690796,	33.33333333333333,	0.0,	22.74,	22.45,	23.0,	23.0
13.014085531234741,	33.33333333333333,	0.0,	22.83,	22.51,	23.0,	23.0
14.014676094055176,	33.33333333333333,	0.0,	22.83,	22.48,	23.0,	23.0
15.016105890274048,	33.33333333333333,	0.0,	22.83,	22.51,	23.0,	23.0
16.01707172393799,	33.33333333333333,	0.0,	22.83,	22.51,	23.0,	23.0
17.017761945724487,	33.33333333333333,	0.0,	22.86,	22.51,	23.0,	23.0
18.01858639717102,	33.33333333333333,	0.0,	22.93,	22.48,	23.0,	23.0
19.019570112228394,	33.33333333333333,	0.0,	23.15,	22.48,	23.0,	23.0
20.02050805091858,	33.33333333333333,	0.0,	23.15,	22.48,	23.0,	23.0
21.02144980430603,	33.33333333333333,	0.0,	23.15,	22.51,	23.0,	23.0
22.022057056427002,	33.33333333333333,	0.0,	23.32,	22.51,	23.0,	23.0
23.023226499557495,	33.33333333333333,	0.0,	23.44,	22.48,	23.0,	23.0
24.024439573287964,	33.33333333333333,	0.0,	23.48,	22.51,	23.0,	23.0
25.025388956069946,	33.33333333333333,	0.0,	23.51,	22.51,	23.0,	23.0
26.025855541229248,	33.33333333333333,	0.0,	23.8,	22.45,	23.0,	23.0
27.02731490135193,	33.33333333333333,	0.0,	23.8,	22.51,	23.0,	23.0
28.02847170829773,	33.33333333333333,	0.0,	23.8,	22.51,	23.0,	23.0
29.029929876327515,	33.33333333333333,	0.0,	23.99,	22.48,	23.0,	23.0
30.030866384506226,	33.33333333333333,	0.0,	24.12,	22.51,	23.0,	23.0
31.031158447265625,	33.33333333333333,	0.0,	24.12,	22.51,	23.0,	23.0
32.03208351135254,	33.33333333333333,	0.0,	24.38,	22.51,	23.0,	23.0
33.032307624816895,	33.33333333333333,	0.0,	24.44,	22.51,	23.0,	23.0
34.03325653076172,	33.33333333333333,	0.0,	24.48,	22.51,	23.0,	23.0
35.03349018096924,	33.33333333333333,	0.0,	24.77,	22.51,	23.0,	23.0
36.03434419631958,	33.33333333333333,	0.0,	24.8,	22.51,	23.0,	23.0
37.03489065170288,	33.33333333333333,	0.0,	24.96,	22.51,	23.0,	23.0
38.03568410873413,	33.33333333333333,	0.0,	25.09,	22.51,	23.0,	23.0
39.0364511013031,	33.33333333333333,	0.0,	25.12,	22.51,	23.0,	23.0
40.038084268569946,	33.33333333333333,	0.0,	25.41,	22.51,	23.0,	23.0
41.039177656173706,	33.33333333333333,	0.0,	25.41,	22.51,	23.0,	23.0
42.03977417945862,	33.33333333333333,	0.0,	25.67,	22.51,	23.0,	23.0
43.041670083999634,	33.33333333333333,	0.0,	25.73,	22.51,	23.0,	23.0
44.042473793029785,	33.33333333333333,	0.0,	25.73,	22.51,	23.0,	23.0
45.043686866760254,	33.33333333333333,	0.0,	26.05,	22.51,	23.0,	23.0
46.04514956474304,	33.33333333333333,	0.0,	26.05,	22.54,	23.0,	23.0
47.04657864570618,	33.33333333333333,	0.0,	26.18,	22.54,	23.0,	23.0
48.047049045562744,	33.33333333333333,	0.0,	26.38,	22.57,	23.0,	23.0
49.04777002334595,	33.33333333333333,	0.0,	26.44,	22.61,	23.0,	23.0
50.04863619804382,	33.33333333333333,	0.0,	26.67,	22.54,	23.0,	23.0
51.04903030395508,	33.33333333333333,	0.0,	26.7,	22.57,	23.0,	23.0
52.049646615982056,	33.33333333333333,	0.0,	26.83,	22.57,	23.0,	23.0
53.04978704452515,	33.33333333333333,	0.0,	27.02,	22.77,	23.0,	23.0
54.05078649520874,	33.33333333333333,	0.0,	27.12,	22.74,	23.0,	23.0
55.0520544052124,	33.33333333333333,	0.0,	27.31,	22.74,	23.0,	23.0
56.053377628326416,	33.33333333333333,	0.0,	27.34,	22.83,	23.0,	23.0
57.05466103553772,	33.33333333333333,	0.0,	27.44,	22.83,	23.0,	23.0
58.05477547645569,	33.33333333333333,	0.0,	27.67,	22.83,	23.0,	23.0
59.05559539794922,	33.33333333333333,	0.0,	27.73,	22.83,	23.0,	23.0
60.05627179145813,	33.33333333333333,	0.0,	27.99,	22.83,	23.0,	23.0
61.05680823326111,	33.33333333333333,	0.0,	27.99,	22.83,	23.0,	23.0
62.05790448188782,	33.33333333333333,	0.0,	28.25,	22.83,	23.0,	23.0
63.05823040008545,	33.33333333333333,	0.0,	28.31,	22.83,	23.0,	23.0
64.05915832519531,	33.33333333333333,	0.0,	28.5,	22.83,	23.0,	23.0
65.06029510498047,	33.33333333333333,	0.0,	28.63,	22.9,	23.0,	23.0
66.06173634529114,	33.33333333333333,	0.0,	28.7,	22.86,	23.0,	23.0
67.06293034553528,	33.33333333333333,	0.0,	28.96,	22.9,	23.0,	23.0
68.06383872032166,	33.33333333333333,	0.0,	28.96,	22.93,	23.0,	23.0
69.06493663787842,	33.33333333333333,	0.0,	29.05,	22.93,	23.0,	23.0
70.06574368476868,	33.33333333333333,	0.0,	29.28,	23.06,	23.0,	23.0
71.06705141067505,	33.33333333333333,	0.0,	29.28,	23.09,	23.0,	23.0
72.06816124916077,	33.33333333333333,	0.0,	29.5,	23.06,	23.0,	23.0
73.06981062889099,	33.33333333333333,	0.0,	29.6,	23.15,	23.0,	23.0
74.07029700279236,	33.33333333333333,	0.0,	29.83,	23.15,	23.0,	23.0
75.0710175037384,	33.33333333333333,	0.0,	29.92,	23.15,	23.0,	23.0
76.07261300086975,	33.33333333333333,	0.0,	29.92,	23.15,	23.0,	23.0
77.07287502288818,	33.33333333333333,	0.0,	30.08,	23.15,	23.0,	23.0
78.07405757904053,	33.33333333333333,	0.0,	30.24,	23.15,	23.0,	23.0
79.07462215423584,	33.33333333333333,	0.0,	30.24,	23.15,	23.0,	23.0
80.07505464553833,	33.33333333333333,	0.0,	30.41,	23.15,	23.0,	23.0
81.07602143287659,	33.33333333333333,	0.0,	30.57,	23.19,	23.0,	23.0
82.07682204246521,	33.33333333333333,	0.0,	30.6,	23.15,	23.0,	23.0
83.07794880867004,	33.33333333333333,	0.0,	30.79,	23.19,	23.0,	23.0
84.07850050926208,	33.33333333333333,	0.0,	30.89,	23.32,	23.0,	23.0
85.07969784736633,	33.33333333333333,	0.0,	30.89,	23.38,	23.0,	23.0
86.08056735992432,	33.33333333333333,	0.0,	31.15,	23.48,	23.0,	23.0
87.08144974708557,	33.33333333333333,	0.0,	31.21,	23.38,	23.0,	23.0
88.08182764053345,	33.33333333333333,	0.0,	31.31,	23.48,	23.0,	23.0
89.08299732208252,	33.33333333333333,	0.0,	31.53,	23.48,	23.0,	23.0
90.08371567726135,	33.33333333333333,	0.0,	31.53,	23.48,	23.0,	23.0
91.08504915237427,	33.33333333333333,	0.0,	31.6,	23.48,	23.0,	23.0
92.08554792404175,	33.33333333333333,	0.0,	31.86,	23.48,	23.0,	23.0
93.08671402931213,	33.33333333333333,	0.0,	31.86,	23.48,	23.0,	23.0
94.0876796245575,	33.33333333333333,	0.0,	32.02,	23.48,	23.0,	23.0
95.09154653549194,	33.33333333333333,	0.0,	32.18,	23.57,	23.0,	23.0
96.0929696559906,	33.33333333333333,	0.0,	32.21,	23.54,	23.0,	23.0
97.09461760520935,	33.33333333333333,	0.0,	32.47,	23.61,	23.0,	23.0
98.09528636932373,	33.33333333333333,	0.0,	32.5,	23.67,	23.0,	23.0
99.09632706642151,	33.33333333333333,	0.0,	32.53,	23.73,	23.0,	23.0
100.09732460975647,	33.33333333333333,	0.0,	32.76,	23.8,	23.0,	23.0
101.09843373298645,	33.33333333333333,	0.0,	32.82,	23.8,	23.0,	23.0
102.09940457344055,	33.33333333333333,	0.0,	32.82,	23.8,	23.0,	23.0
103.10122799873352,	33.33333333333333,	0.0,	33.08,	23.8,	23.0,	23.0
104.10249209403992,	33.33333333333333,	0.0,	33.14,	23.8,	23.0,	23.0
105.10454678535461,	33.33333333333333,	0.0,	33.14,	23.8,	23.0,	23.0
106.10467720031738,	33.33333333333333,	0.0,	33.4,	23.86,	23.0,	23.0
107.10576248168945,	33.33333333333333,	0.0,	33.47,	23.8,	23.0,	23.0
108.10665988922119,	33.33333333333333,	0.0,	33.56,	23.83,	23.0,	23.0
109.10804343223572,	33.33333333333333,	0.0,	33.69,	24.06,	23.0,	23.0
110.10919713973999,	33.33333333333333,	0.0,	33.79,	24.06,	23.0,	23.0
111.10998272895813,	33.33333333333333,	0.0,	33.79,	24.12,	23.0,	23.0
112.11121320724487,	33.33333333333333,	0.0,	34.01,	24.12,	23.0,	23.0
113.11227941513062,	33.33333333333333,	0.0,	34.08,	24.12,	23.0,	23.0
114.1130645275116,	33.33333333333333,	0.0,	34.11,	24.12,	23.0,	23.0
115.11475944519043,	33.33333333333333,	0.0,	34.21,	24.12,	23.0,	23.0
116.11589217185974,	33.33333333333333,	0.0,	34.43,	24.12,	23.0,	23.0
117.1167688369751,	33.33333333333333,	0.0,	34.43,	24.15,	23.0,	23.0
118.11737132072449,	33.33333333333333,	0.0,	34.5,	24.12,	23.0,	23.0
119.1189477443695,	33.33333333333333,	0.0,	34.76,	24.15,	23.0,	23.0
120.11942505836487,	33.33333333333333,	0.0,	34.76,	24.25,	23.0,	23.0
121.1206693649292,	33.33333333333333,	0.0,	34.82,	24.31,	23.0,	23.0
122.12168622016907,	33.33333333333333,	0.0,	35.05,	24.41,	23.0,	23.0
123.12219524383545,	33.33333333333333,	0.0,	35.08,	24.44,	23.0,	23.0
124.12300038337708,	33.33333333333333,	0.0,	35.08,	24.44,	23.0,	23.0
125.12408518791199,	33.33333333333333,	0.0,	35.3,	24.44,	23.0,	23.0
126.12451577186584,	33.33333333333333,	0.0,	35.4,	24.44,	23.0,	23.0
127.12509179115295,	33.33333333333333,	0.0,	35.4,	24.44,	23.0,	23.0
128.12601971626282,	33.33333333333333,	0.0,	35.53,	24.44,	23.0,	23.0
129.12676334381104,	33.33333333333333,	0.0,	35.69,	24.44,	23.0,	23.0
130.12888026237488,	33.33333333333333,	0.0,	35.72,	24.51,	23.0,	23.0
131.131098985672,	33.33333333333333,	0.0,	35.72,	24.7,	23.0,	23.0
132.13224411010742,	33.33333333333333,	0.0,	35.82,	24.64,	23.0,	23.0
133.13308238983154,	33.33333333333333,	0.0,	36.01,	24.77,	23.0,	23.0
134.13396000862122,	33.33333333333333,	0.0,	36.04,	24.77,	23.0,	23.0
135.13469195365906,	33.33333333333333,	0.0,	36.04,	24.77,	23.0,	23.0
136.13584995269775,	33.33333333333333,	0.0,	36.21,	24.77,	23.0,	23.0
137.13787460327148,	33.33333333333333,	0.0,	36.33,	24.77,	23.0,	23.0
138.13804483413696,	33.33333333333333,	0.0,	36.37,	24.77,	23.0,	23.0
139.13915944099426,	33.33333333333333,	0.0,	36.37,	24.77,	23.0,	23.0
140.14034056663513,	33.33333333333333,	0.0,	36.43,	24.86,	23.0,	23.0
141.1409101486206,	33.33333333333333,	0.0,	36.69,	24.89,	23.0,	23.0
142.1422941684723,	33.33333333333333,	0.0,	36.69,	25.06,	23.0,	23.0
143.1596338748932,	33.33333333333333,	0.0,	36.75,	25.02,	23.0,	23.0
144.16035056114197,	33.33333333333333,	0.0,	36.85,	25.09,	23.0,	23.0
145.16093158721924,	33.33333333333333,	0.0,	37.01,	25.09,	23.0,	23.0
146.16171431541443,	33.33333333333333,	0.0,	37.01,	25.09,	23.0,	23.0
147.1628680229187,	33.33333333333333,	0.0,	37.04,	25.09,	23.0,	23.0
148.16421556472778,	33.33333333333333,	0.0,	37.27,	25.09,	23.0,	23.0
149.16529822349548,	33.33333333333333,	0.0,	37.33,	25.09,	23.0,	23.0
150.16689229011536,	33.33333333333333,	0.0,	37.33,	25.18,	23.0,	23.0
151.16751646995544,	33.33333333333333,	0.0,	37.37,	25.18,	23.0,	23.0
152.1685950756073,	33.33333333333333,	0.0,	37.5,	25.35,	23.0,	23.0
153.1699013710022,	33.33333333333333,	0.0,	37.66,	25.38,	23.0,	23.0
154.1709268093109,	33.33333333333333,	0.0,	37.66,	25.41,	23.0,	23.0
155.17167448997498,	33.33333333333333,	0.0,	37.66,	25.41,	23.0,	23.0
156.1734094619751,	33.33333333333333,	0.0,	37.75,	25.41,	23.0,	23.0
157.1742181777954,	33.33333333333333,	0.0,	37.91,	25.41,	23.0,	23.0
158.17465376853943,	33.33333333333333,	0.0,	37.98,	25.41,	23.0,	23.0
159.17493557929993,	33.33333333333333,	0.0,	37.98,	25.44,	23.0,	23.0
160.17536807060242,	33.33333333333333,	0.0,	37.98,	25.51,	23.0,	23.0
161.17620706558228,	33.33333333333333,	0.0,	38.11,	25.57,	23.0,	23.0
162.1886169910431,	33.33333333333333,	0.0,	38.3,	25.67,	23.0,	23.0
163.19451141357422,	33.33333333333333,	0.0,	38.3,	25.7,	23.0,	23.0
164.19750356674194,	33.33333333333333,	0.0,	38.3,	25.73,	23.0,	23.0
165.19951128959656,	33.33333333333333,	0.0,	38.43,	25.73,	23.0,	23.0
166.2005581855774,	33.33333333333333,	0.0,	38.59,	25.73,	23.0,	23.0
167.20095372200012,	33.33333333333333,	0.0,	38.62,	25.73,	23.0,	23.0
168.20186758041382,	33.33333333333333,	0.0,	38.62,	25.73,	23.0,	23.0
169.20222687721252,	33.33333333333333,	0.0,	38.62,	25.8,	23.0,	23.0
170.21386432647705,	33.33333333333333,	0.0,	38.85,	25.73,	23.0,	23.0
171.21559596061707,	33.33333333333333,	0.0,	38.95,	25.86,	23.0,	23.0
172.21963477134705,	33.33333333333333,	0.0,	38.95,	26.05,	23.0,	23.0
173.2204167842865,	33.33333333333333,	0.0,	38.95,	25.99,	23.0,	23.0
174.22299885749817,	33.33333333333333,	0.0,	39.07,	26.02,	23.0,	23.0
175.22441172599792,	33.33333333333333,	0.0,	39.24,	26.05,	23.0,	23.0
176.2253394126892,	33.33333333333333,	0.0,	39.27,	26.05,	23.0,	23.0
177.22764825820923,	33.33333333333333,	0.0,	39.27,	26.05,	23.0,	23.0
178.2290825843811,	33.33333333333333,	0.0,	39.3,	26.05,	23.0,	23.0
179.23010277748108,	33.33333333333333,	0.0,	39.36,	26.05,	23.0,	23.0
180.23106861114502,	33.33333333333333,	0.0,	39.56,	26.09,	23.0,	23.0
181.2315809726715,	33.33333333333333,	0.0,	39.59,	26.15,	23.0,	23.0
182.23206186294556,	33.33333333333333,	0.0,	39.59,	26.28,	23.0,	23.0
183.23282027244568,	33.33333333333333,	0.0,	39.59,	26.28,	23.0,	23.0
184.233469247818,	33.33333333333333,	0.0,	39.62,	26.38,	23.0,	23.0
185.2351176738739,	33.33333333333333,	0.0,	39.82,	26.38,	23.0,	23.0
186.23597407341003,	33.33333333333333,	0.0,	39.88,	26.38,	23.0,	23.0
187.23681545257568,	33.33333333333333,	0.0,	39.91,	26.38,	23.0,	23.0
188.23920512199402,	33.33333333333333,	0.0,	39.91,	26.38,	23.0,	23.0
189.24002027511597,	33.33333333333333,	0.0,	40.04,	26.41,	23.0,	23.0
190.24119520187378,	33.33333333333333,	0.0,	40.17,	26.41,	23.0,	23.0
191.2414038181305,	33.33333333333333,	0.0,	40.2,	26.47,	23.0,	23.0
192.24233150482178,	33.33333333333333,	0.0,	40.23,	26.54,	23.0,	23.0
193.24305772781372,	33.33333333333333,	0.0,	40.23,	26.6,	23.0,	23.0
194.243469953537,	33.33333333333333,	0.0,	40.23,	26.7,	23.0,	23.0
195.24379348754883,	33.33333333333333,	0.0,	40.27,	26.7,	23.0,	23.0
196.24457693099976,	33.33333333333333,	0.0,	40.52,	26.7,	23.0,	23.0
197.24564719200134,	33.33333333333333,	0.0,	40.56,	26.7,	23.0,	23.0
198.24692153930664,	33.33333333333333,	0.0,	40.56,	26.7,	23.0,	23.0
199.24812006950378,	33.33333333333333,	0.0,	40.56,	26.73,	23.0,	23.0
200.24996280670166,	33.33333333333333,	0.0,	40.59,	26.7,	23.0,	23.0
201.25095510482788,	33.33333333333333,	0.0,	40.65,	26.73,	23.0,	23.0
202.25167226791382,	33.33333333333333,	0.0,	40.88,	26.76,	23.0,	23.0
203.2518231868744,	33.33333333333333,	0.0,	40.88,	26.76,	23.0,	23.0
204.25348377227783,	33.33333333333333,	0.0,	40.88,	26.86,	23.0,	23.0
205.2541642189026,	33.33333333333333,	0.0,	40.88,	26.86,	23.0,	23.0
206.25512146949768,	33.33333333333333,	0.0,	40.91,	27.02,	23.0,	23.0
207.25685381889343,	33.33333333333333,	0.0,	41.1,	27.02,	23.0,	23.0
208.25828075408936,	33.33333333333333,	0.0,	41.17,	27.02,	23.0,	23.0
209.25967979431152,	33.33333333333333,	0.0,	41.2,	27.02,	23.0,	23.0
210.26026701927185,	33.33333333333333,	0.0,	41.2,	27.02,	23.0,	23.0
211.260924577713,	33.33333333333333,	0.0,	41.23,	27.02,	23.0,	23.0
212.26120233535767,	33.33333333333333,	0.0,	41.23,	27.02,	23.0,	23.0
213.2618772983551,	33.33333333333333,	0.0,	41.46,	27.02,	23.0,	23.0
214.26270580291748,	33.33333333333333,	0.0,	41.49,	27.05,	23.0,	23.0
215.26382279396057,	33.33333333333333,	0.0,	41.52,	27.12,	23.0,	23.0
216.2642011642456,	33.33333333333333,	0.0,	41.52,	27.21,	23.0,	23.0
217.2652337551117,	33.33333333333333,	0.0,	41.52,	27.31,	23.0,	23.0
218.26591539382935,	33.33333333333333,	0.0,	41.59,	27.31,	23.0,	23.0
219.26721835136414,	33.33333333333333,	0.0,	41.68,	27.34,	23.0,	23.0
220.26832056045532,	33.33333333333333,	0.0,	41.85,	27.34,	23.0,	23.0
221.2698197364807,	33.33333333333333,	0.0,	41.85,	27.34,	23.0,	23.0
222.27242255210876,	33.33333333333333,	0.0,	41.85,	27.34,	23.0,	23.0
223.27265000343323,	33.33333333333333,	0.0,	41.88,	27.34,	23.0,	23.0
224.273610830307,	33.33333333333333,	0.0,	41.88,	27.34,	23.0,	23.0
225.2738392353058,	33.33333333333333,	0.0,	41.97,	27.34,	23.0,	23.0
226.27451348304749,	33.33333333333333,	0.0,	42.04,	27.38,	23.0,	23.0
227.27532243728638,	33.33333333333333,	0.0,	42.17,	27.44,	23.0,	23.0
228.27620434761047,	33.33333333333333,	0.0,	42.17,	27.47,	23.0,	23.0
229.2767882347107,	33.33333333333333,	0.0,	42.17,	27.54,	23.0,	23.0
230.27746891975403,	33.33333333333333,	0.0,	42.17,	27.63,	23.0,	23.0
231.27863264083862,	33.33333333333333,	0.0,	42.17,	27.67,	23.0,	23.0
232.27931952476501,	33.33333333333333,	0.0,	42.39,	27.63,	23.0,	23.0
233.28025245666504,	33.33333333333333,	0.0,	42.49,	27.67,	23.0,	23.0
234.28097796440125,	33.33333333333333,	0.0,	42.49,	27.67,	23.0,	23.0
235.28275656700134,	33.33333333333333,	0.0,	42.49,	27.67,	23.0,	23.0
236.28420567512512,	33.33333333333333,	0.0,	42.49,	27.67,	23.0,	23.0
237.28544735908508,	33.33333333333333,	0.0,	42.49,	27.67,	23.0,	23.0
238.28588461875916,	33.33333333333333,	0.0,	42.49,	27.7,	23.0,	23.0
239.28657293319702,	33.33333333333333,	0.0,	42.68,	27.76,	23.0,	23.0
240.28700876235962,	33.33333333333333,	0.0,	42.78,	27.92,	23.0,	23.0
241.28833317756653,	33.33333333333333,	0.0,	42.81,	27.89,	23.0,	23.0
242.28911542892456,	33.33333333333333,	0.0,	42.81,	27.92,	23.0,	23.0
243.289785861969,	33.33333333333333,	0.0,	42.81,	27.99,	23.0,	23.0
244.2913088798523,	33.33333333333333,	0.0,	42.81,	27.99,	23.0,	23.0
245.29223942756653,	33.33333333333333,	0.0,	42.84,	27.99,	23.0,	23.0
246.29263138771057,	33.33333333333333,	0.0,	42.88,	27.99,	23.0,	23.0
247.29346418380737,	33.33333333333333,	0.0,	43.1,	27.99,	23.0,	23.0
248.29448986053467,	33.33333333333333,	0.0,	43.13,	27.99,	23.0,	23.0
249.29557824134827,	33.33333333333333,	0.0,	43.13,	27.99,	23.0,	23.0
250.2959339618683,	33.33333333333333,	0.0,	43.13,	28.02,	23.0,	23.0
251.29789519309998,	33.33333333333333,	0.0,	43.13,	28.08,	23.0,	23.0
252.2986786365509,	33.33333333333333,	0.0,	43.17,	28.08,	23.0,	23.0
253.29957461357117,	33.33333333333333,	0.0,	43.13,	28.21,	23.0,	23.0
254.30042099952698,	33.33333333333333,	0.0,	43.17,	28.28,	23.0,	23.0
255.30143976211548,	33.33333333333333,	0.0,	43.36,	28.28,	23.0,	23.0
256.3019104003906,	33.33333333333333,	0.0,	43.42,	28.31,	23.0,	23.0
257.30242824554443,	33.33333333333333,	0.0,	43.46,	28.31,	23.0,	23.0
258.30369663238525,	33.33333333333333,	0.0,	43.46,	28.31,	23.0,	23.0
259.3043587207794,	33.33333333333333,	0.0,	43.46,	28.31,	23.0,	23.0
260.30488538742065,	33.33333333333333,	0.0,	43.46,	28.31,	23.0,	23.0
261.3062856197357,	33.33333333333333,	0.0,	43.46,	28.31,	23.0,	23.0
262.3067901134491,	33.33333333333333,	0.0,	43.52,	28.31,	23.0,	23.0
263.3080518245697,	33.33333333333333,	0.0,	43.71,	28.34,	23.0,	23.0
264.30902314186096,	33.33333333333333,	0.0,	43.75,	28.34,	23.0,	23.0
265.30948877334595,	33.33333333333333,	0.0,	43.78,	28.44,	23.0,	23.0
266.31085729599,	33.33333333333333,	0.0,	43.78,	28.41,	23.0,	23.0
267.31195402145386,	33.33333333333333,	0.0,	43.78,	28.44,	23.0,	23.0
268.3129906654358,	33.33333333333333,	0.0,	43.78,	28.6,	23.0,	23.0
269.31383776664734,	33.33333333333333,	0.0,	43.78,	28.57,	23.0,	23.0
270.315584897995,	33.33333333333333,	0.0,	43.81,	28.63,	23.0,	23.0
271.316038608551,	33.33333333333333,	0.0,	43.91,	28.63,	23.0,	23.0
272.3175084590912,	33.33333333333333,	0.0,	44.04,	28.63,	23.0,	23.0
273.3184096813202,	33.33333333333333,	0.0,	44.1,	28.63,	23.0,	23.0
274.3195354938507,	33.33333333333333,	0.0,	44.1,	28.63,	23.0,	23.0
275.32068514823914,	33.33333333333333,	0.0,	44.1,	28.63,	23.0,	23.0
276.3215968608856,	33.33333333333333,	0.0,	44.1,	28.67,	23.0,	23.0
277.3223752975464,	33.33333333333333,	0.0,	44.1,	28.7,	23.0,	23.0
278.3236734867096,	33.33333333333333,	0.0,	44.13,	28.79,	23.0,	23.0
279.3246157169342,	33.33333333333333,	0.0,	44.2,	28.7,	23.0,	23.0
280.32603549957275,	33.33333333333333,	0.0,	44.36,	28.92,	23.0,	23.0
281.3260853290558,	33.33333333333333,	0.0,	44.42,	28.96,	23.0,	23.0
282.32680559158325,	33.33333333333333,	0.0,	44.42,	28.96,	23.0,	23.0
283.32737922668457,	33.33333333333333,	0.0,	44.42,	28.96,	23.0,	23.0
284.32849526405334,	33.33333333333333,	0.0,	44.42,	28.96,	23.0,	23.0
285.32892990112305,	33.33333333333333,	0.0,	44.42,	28.96,	23.0,	23.0
286.3302779197693,	33.33333333333333,	0.0,	44.42,	28.96,	23.0,	23.0
287.3312270641327,	33.33333333333333,	0.0,	44.55,	28.96,	23.0,	23.0
288.3321182727814,	33.33333333333333,	0.0,	44.58,	29.05,	23.0,	23.0
289.3321530818939,	33.33333333333333,	0.0,	44.62,	29.02,	23.0,	23.0
290.33284854888916,	33.33333333333333,	0.0,	44.68,	29.02,	23.0,	23.0
291.3339672088623,	33.33333333333333,	0.0,	44.68,	29.02,	23.0,	23.0
292.3346610069275,	33.33333333333333,	0.0,	44.75,	29.21,	23.0,	23.0
293.3353154659271,	33.33333333333333,	0.0,	44.75,	29.21,	23.0,	23.0
294.3364074230194,	33.33333333333333,	0.0,	44.75,	29.21,	23.0,	23.0
295.3367512226105,	33.33333333333333,	0.0,	44.75,	29.28,	23.0,	23.0
296.3379867076874,	33.33333333333333,	0.0,	44.75,	29.28,	23.0,	23.0
297.3392593860626,	33.33333333333333,	0.0,	44.75,	29.25,	23.0,	23.0
298.3402428627014,	33.33333333333333,	0.0,	44.78,	29.28,	23.0,	23.0
299.34102606773376,	33.33333333333333,	0.0,	44.94,	29.28,	23.0,	23.0
300.34202551841736,	33.33333333333333,	25.0,	45.0,	29.28,	23.0,	23.0
301.3421902656555,	33.33333333333333,	25.0,	45.07,	29.37,	23.0,	23.0
302.3427402973175,	33.33333333333333,	25.0,	45.07,	29.47,	23.0,	23.0
303.3433539867401,	33.33333333333333,	25.0,	45.07,	29.37,	23.0,	23.0
304.3442440032959,	33.33333333333333,	25.0,	45.07,	29.44,	23.0,	23.0
305.3470425605774,	33.33333333333333,	25.0,	45.07,	29.47,	23.0,	23.0
306.3480041027069,	33.33333333333333,	25.0,	45.1,	29.54,	23.0,	23.0
307.34890842437744,	33.33333333333333,	25.0,	45.07,	29.6,	23.0,	23.0
308.35040640830994,	33.33333333333333,	25.0,	45.1,	29.7,	23.0,	23.0
309.3516101837158,	33.33333333333333,	25.0,	45.26,	29.66,	23.0,	23.0
310.35306668281555,	33.33333333333333,	25.0,	45.2,	29.7,	23.0,	23.0
311.35375142097473,	33.33333333333333,	25.0,	45.07,	29.79,	23.0,	23.0
312.35444736480713,	33.33333333333333,	25.0,	45.07,	29.7,	23.0,	23.0
313.35802149772644,	33.33333333333333,	25.0,	45.07,	29.79,	23.0,	23.0
314.35976552963257,	33.33333333333333,	25.0,	45.07,	29.86,	23.0,	23.0
315.35982728004456,	33.33333333333333,	25.0,	45.13,	29.92,	23.0,	23.0
316.3607738018036,	33.33333333333333,	25.0,	45.26,	30.02,	23.0,	23.0
317.3617248535156,	33.33333333333333,	25.0,	45.39,	30.02,	23.0,	23.0
318.36247062683105,	33.33333333333333,	25.0,	45.39,	29.92,	23.0,	23.0
319.36364579200745,	33.33333333333333,	25.0,	45.39,	30.05,	23.0,	23.0
320.36545968055725,	33.33333333333333,	25.0,	45.39,	30.31,	23.0,	23.0
321.3666217327118,	33.33333333333333,	25.0,	45.49,	30.41,	23.0,	23.0
322.36790585517883,	33.33333333333333,	25.0,	45.42,	30.34,	23.0,	23.0
323.3694589138031,	33.33333333333333,	25.0,	45.46,	30.34,	23.0,	23.0
324.369651556015,	33.33333333333333,	25.0,	45.49,	30.44,	23.0,	23.0
325.37077617645264,	33.33333333333333,	25.0,	45.65,	30.66,	23.0,	23.0
326.38284635543823,	33.33333333333333,	25.0,	45.71,	30.66,	23.0,	23.0
327.3850317001343,	33.33333333333333,	25.0,	45.71,	30.66,	23.0,	23.0
328.3855986595154,	33.33333333333333,	25.0,	45.71,	30.57,	23.0,	23.0
329.3866937160492,	33.33333333333333,	25.0,	45.71,	30.76,	23.0,	23.0
330.38763427734375,	33.33333333333333,	25.0,	45.71,	31.05,	23.0,	23.0
331.38855051994324,	33.33333333333333,	25.0,	45.71,	30.99,	23.0,	23.0
332.3895785808563,	33.33333333333333,	25.0,	45.71,	30.99,	23.0,	23.0
333.3901960849762,	33.33333333333333,	25.0,	45.71,	31.05,	23.0,	23.0
334.39110589027405,	33.33333333333333,	25.0,	45.75,	31.18,	23.0,	23.0
335.3918616771698,	33.33333333333333,	25.0,	45.81,	31.31,	23.0,	23.0
336.3927969932556,	33.33333333333333,	25.0,	45.81,	31.31,	23.0,	23.0
337.3939118385315,	33.33333333333333,	25.0,	45.97,	31.31,	23.0,	23.0
338.39449667930603,	33.33333333333333,	25.0,	46.04,	31.4,	23.0,	23.0
339.3950071334839,	33.33333333333333,	25.0,	46.04,	31.47,	23.0,	23.0
340.3960528373718,	33.33333333333333,	25.0,	46.04,	31.53,	23.0,	23.0
341.3979723453522,	33.33333333333333,	25.0,	46.04,	31.63,	23.0,	23.0
342.39922165870667,	33.33333333333333,	25.0,	46.04,	31.63,	23.0,	23.0
343.3997611999512,	33.33333333333333,	25.0,	46.04,	31.66,	23.0,	23.0
344.40121936798096,	33.33333333333333,	25.0,	46.04,	31.89,	23.0,	23.0
345.40271615982056,	33.33333333333333,	25.0,	46.04,	32.05,	23.0,	23.0
346.4036982059479,	33.33333333333333,	25.0,	46.1,	31.86,	23.0,	23.0
347.4050102233887,	33.33333333333333,	25.0,	46.13,	31.98,	23.0,	23.0
348.4060549736023,	33.33333333333333,	25.0,	46.1,	32.11,	23.0,	23.0
349.4072263240814,	33.33333333333333,	25.0,	46.16,	32.27,	23.0,	23.0
350.40729427337646,	33.33333333333333,	25.0,	46.26,	32.27,	23.0,	23.0
351.40777015686035,	33.33333333333333,	25.0,	46.33,	32.34,	23.0,	23.0
352.4086995124817,	33.33333333333333,	25.0,	46.36,	32.5,	23.0,	23.0
353.4093060493469,	33.33333333333333,	25.0,	46.36,	32.6,	23.0,	23.0
354.409823179245,	33.33333333333333,	25.0,	46.36,	32.6,	23.0,	23.0
355.4103944301605,	33.33333333333333,	25.0,	46.36,	32.69,	23.0,	23.0
356.410817861557,	33.33333333333333,	25.0,	46.36,	32.66,	23.0,	23.0
357.41131043434143,	33.33333333333333,	25.0,	46.36,	32.82,	23.0,	23.0
358.41679787635803,	33.33333333333333,	25.0,	46.36,	33.02,	23.0,	23.0
359.4170069694519,	33.33333333333333,	25.0,	46.39,	32.82,	23.0,	23.0
360.4176878929138,	33.33333333333333,	25.0,	46.39,	32.95,	23.0,	23.0
361.41879534721375,	33.33333333333333,	25.0,	46.45,	33.08,	23.0,	23.0
362.41975569725037,	33.33333333333333,	25.0,	46.65,	33.14,	23.0,	23.0
363.420823097229,	33.33333333333333,	25.0,	46.62,	33.24,	23.0,	23.0
364.4221670627594,	33.33333333333333,	25.0,	46.68,	33.24,	23.0,	23.0
365.42337131500244,	33.33333333333333,	25.0,	46.68,	33.24,	23.0,	23.0
366.4246687889099,	33.33333333333333,	25.0,	46.68,	33.4,	23.0,	23.0
367.4253160953522,	33.33333333333333,	25.0,	46.68,	33.37,	23.0,	23.0
368.42575097084045,	33.33333333333333,	25.0,	46.68,	33.53,	23.0,	23.0
369.42695236206055,	33.33333333333333,	25.0,	46.68,	33.56,	23.0,	23.0
370.4277009963989,	33.33333333333333,	25.0,	46.68,	33.47,	23.0,	23.0
371.4286775588989,	33.33333333333333,	25.0,	46.71,	33.66,	23.0,	23.0
372.4294090270996,	33.33333333333333,	25.0,	46.74,	33.82,	23.0,	23.0
373.4303216934204,	33.33333333333333,	25.0,	46.78,	33.89,	23.0,	23.0
374.4356622695923,	33.33333333333333,	25.0,	46.84,	33.89,	23.0,	23.0
375.4371178150177,	33.33333333333333,	25.0,	46.84,	33.89,	23.0,	23.0
376.4384129047394,	33.33333333333333,	25.0,	46.91,	33.92,	23.0,	23.0
377.43911123275757,	33.33333333333333,	25.0,	46.97,	34.05,	23.0,	23.0
378.4407081604004,	33.33333333333333,	25.0,	47.0,	34.11,	23.0,	23.0
379.4415259361267,	33.33333333333333,	25.0,	47.0,	34.3,	23.0,	23.0
380.44217348098755,	33.33333333333333,	25.0,	47.0,	34.21,	23.0,	23.0
381.44344782829285,	33.33333333333333,	25.0,	47.0,	34.21,	23.0,	23.0
382.44370317459106,	33.33333333333333,	25.0,	47.0,	34.18,	23.0,	23.0
383.44459652900696,	33.33333333333333,	25.0,	47.0,	34.53,	23.0,	23.0
384.4455711841583,	33.33333333333333,	25.0,	47.07,	34.53,	23.0,	23.0
385.44606733322144,	33.33333333333333,	25.0,	47.16,	34.53,	23.0,	23.0
386.44669795036316,	33.33333333333333,	25.0,	47.2,	34.53,	23.0,	23.0
387.44777846336365,	33.33333333333333,	25.0,	47.26,	34.53,	23.0,	23.0
388.4494483470917,	33.33333333333333,	25.0,	47.32,	34.79,	23.0,	23.0
389.4494752883911,	33.33333333333333,	25.0,	47.32,	34.79,	23.0,	23.0
390.45043301582336,	33.33333333333333,	25.0,	47.32,	34.85,	23.0,	23.0
391.45176792144775,	33.33333333333333,	25.0,	47.32,	34.85,	23.0,	23.0
392.45321226119995,	33.33333333333333,	25.0,	47.32,	34.76,	23.0,	23.0
393.4538450241089,	33.33333333333333,	25.0,	47.32,	34.95,	23.0,	23.0
394.4548318386078,	33.33333333333333,	25.0,	47.32,	35.11,	23.0,	23.0
395.45510601997375,	33.33333333333333,	25.0,	47.32,	35.17,	23.0,	23.0
396.4559576511383,	33.33333333333333,	25.0,	47.39,	35.17,	23.0,	23.0
397.45687103271484,	33.33333333333333,	25.0,	47.45,	35.17,	23.0,	23.0
398.4582052230835,	33.33333333333333,	25.0,	47.39,	35.08,	23.0,	23.0
399.4588243961334,	33.33333333333333,	25.0,	47.58,	35.27,	23.0,	23.0
400.4593002796173,	33.33333333333333,	25.0,	47.55,	35.4,	23.0,	23.0
401.460551738739,	33.33333333333333,	25.0,	47.65,	35.56,	23.0,	23.0
402.46109414100647,	33.33333333333333,	25.0,	47.65,	35.5,	23.0,	23.0
403.4615864753723,	33.33333333333333,	25.0,	47.65,	35.5,	23.0,	23.0
404.4631233215332,	33.33333333333333,	25.0,	47.65,	35.59,	23.0,	23.0
405.464510679245,	33.33333333333333,	25.0,	47.65,	35.53,	23.0,	23.0
406.46566820144653,	33.33333333333333,	25.0,	47.65,	35.53,	23.0,	23.0
407.4664945602417,	33.33333333333333,	25.0,	47.71,	35.69,	23.0,	23.0
408.4671268463135,	33.33333333333333,	25.0,	47.71,	35.82,	23.0,	23.0
409.4685742855072,	33.33333333333333,	25.0,	47.74,	35.82,	23.0,	23.0
410.46941590309143,	33.33333333333333,	25.0,	47.87,	35.92,	23.0,	23.0
411.4699459075928,	33.33333333333333,	25.0,	47.87,	35.85,	23.0,	23.0
412.4715905189514,	33.33333333333333,	25.0,	47.94,	35.95,	23.0,	23.0
413.4722731113434,	33.33333333333333,	25.0,	47.97,	36.21,	23.0,	23.0
414.4729096889496,	33.33333333333333,	25.0,	47.94,	36.11,	23.0,	23.0
415.4741280078888,	33.33333333333333,	25.0,	47.97,	36.04,	23.0,	23.0
416.4750533103943,	33.33333333333333,	25.0,	47.97,	36.14,	23.0,	23.0
417.47583985328674,	33.33333333333333,	25.0,	47.97,	36.14,	23.0,	23.0
418.47646164894104,	33.33333333333333,	25.0,	47.97,	36.14,	23.0,	23.0
419.4769859313965,	33.33333333333333,	25.0,	47.97,	36.21,	23.0,	23.0
420.4780578613281,	33.33333333333333,	25.0,	48.0,	36.43,	23.0,	23.0
421.4785394668579,	33.33333333333333,	25.0,	47.97,	36.37,	23.0,	23.0
422.47980070114136,	33.33333333333333,	25.0,	48.13,	36.46,	23.0,	23.0
423.4808864593506,	33.33333333333333,	25.0,	48.1,	36.46,	23.0,	23.0
424.48196935653687,	33.33333333333333,	25.0,	48.03,	36.46,	23.0,	23.0
425.48221039772034,	33.33333333333333,	25.0,	48.26,	36.37,	23.0,	23.0
426.48300552368164,	33.33333333333333,	25.0,	48.19,	36.46,	23.0,	23.0
427.4837021827698,	33.33333333333333,	25.0,	48.29,	36.66,	23.0,	23.0
428.4901065826416,	33.33333333333333,	25.0,	48.29,	36.88,	23.0,	23.0
429.49045634269714,	33.33333333333333,	25.0,	48.29,	36.88,	23.0,	23.0
430.49215030670166,	33.33333333333333,	25.0,	48.29,	36.79,	23.0,	23.0
431.49307012557983,	33.33333333333333,	25.0,	48.29,	36.88,	23.0,	23.0
432.49395871162415,	33.33333333333333,	25.0,	48.29,	36.79,	23.0,	23.0
433.494859457016,	33.33333333333333,	25.0,	48.29,	36.79,	23.0,	23.0
434.4954309463501,	33.33333333333333,	25.0,	48.29,	36.92,	23.0,	23.0
435.496209859848,	33.33333333333333,	25.0,	48.29,	37.08,	23.0,	23.0
436.49779629707336,	33.33333333333333,	25.0,	48.29,	37.11,	23.0,	23.0
437.49828267097473,	33.33333333333333,	25.0,	48.29,	37.11,	23.0,	23.0
438.4995424747467,	33.33333333333333,	25.0,	48.29,	37.11,	23.0,	23.0
439.50060534477234,	33.33333333333333,	25.0,	48.29,	37.01,	23.0,	23.0
440.5019028186798,	33.33333333333333,	25.0,	48.36,	37.17,	23.0,	23.0
441.50340485572815,	33.33333333333333,	25.0,	48.32,	37.27,	23.0,	23.0
442.5039961338043,	33.33333333333333,	25.0,	48.36,	37.37,	23.0,	23.0
443.5057420730591,	33.33333333333333,	25.0,	48.45,	37.33,	23.0,	23.0
444.5068099498749,	33.33333333333333,	25.0,	48.48,	37.43,	23.0,	23.0
445.50719237327576,	33.33333333333333,	25.0,	48.55,	37.43,	23.0,	23.0
446.5084295272827,	33.33333333333333,	25.0,	48.61,	37.43,	23.0,	23.0
447.5093307495117,	33.33333333333333,	25.0,	48.61,	37.43,	23.0,	23.0
448.50998520851135,	33.33333333333333,	25.0,	48.61,	37.5,	23.0,	23.0
449.5103209018707,	33.33333333333333,	25.0,	48.61,	37.62,	23.0,	23.0
450.51107597351074,	33.33333333333333,	25.0,	48.61,	37.82,	23.0,	23.0
451.51174879074097,	33.33333333333333,	25.0,	48.61,	37.85,	23.0,	23.0
452.51289558410645,	33.33333333333333,	25.0,	48.61,	37.75,	23.0,	23.0
453.5138373374939,	33.33333333333333,	25.0,	48.65,	37.85,	23.0,	23.0
454.51482367515564,	33.33333333333333,	25.0,	48.68,	37.75,	23.0,	23.0
455.51742720603943,	33.33333333333333,	25.0,	48.65,	37.75,	23.0,	23.0
456.51844024658203,	33.33333333333333,	25.0,	48.77,	37.75,	23.0,	23.0
457.5197479724884,	33.33333333333333,	25.0,	48.84,	37.85,	23.0,	23.0
458.520893573761,	33.33333333333333,	25.0,	48.87,	37.98,	23.0,	23.0
459.5211708545685,	33.33333333333333,	25.0,	48.9,	37.88,	23.0,	23.0
460.5225031375885,	33.33333333333333,	25.0,	48.87,	38.04,	23.0,	23.0
461.5232846736908,	33.33333333333333,	25.0,	48.94,	38.04,	23.0,	23.0
462.52423667907715,	33.33333333333333,	25.0,	48.94,	38.08,	23.0,	23.0
463.5247437953949,	33.33333333333333,	25.0,	48.94,	38.08,	23.0,	23.0
464.5251741409302,	33.33333333333333,	25.0,	48.94,	38.08,	23.0,	23.0
465.5269160270691,	33.33333333333333,	25.0,	48.94,	38.24,	23.0,	23.0
466.52736020088196,	33.33333333333333,	25.0,	48.94,	38.08,	23.0,	23.0
467.52814173698425,	33.33333333333333,	25.0,	48.94,	38.14,	23.0,	23.0
468.5289022922516,	33.33333333333333,	25.0,	48.97,	38.27,	23.0,	23.0
469.52939224243164,	33.33333333333333,	25.0,	48.97,	38.17,	23.0,	23.0
470.5313301086426,	33.33333333333333,	25.0,	48.97,	38.49,	23.0,	23.0
471.5323820114136,	33.33333333333333,	25.0,	48.97,	38.4,	23.0,	23.0
472.5326862335205,	33.33333333333333,	25.0,	49.0,	38.4,	23.0,	23.0
473.533451795578,	33.33333333333333,	25.0,	49.0,	38.3,	23.0,	23.0
474.5344994068146,	33.33333333333333,	25.0,	49.03,	38.4,	23.0,	23.0
475.5354628562927,	33.33333333333333,	25.0,	49.06,	38.33,	23.0,	23.0
476.5372807979584,	33.33333333333333,	25.0,	49.16,	38.46,	23.0,	23.0
477.53774881362915,	33.33333333333333,	25.0,	49.16,	38.56,	23.0,	23.0
478.5386986732483,	33.33333333333333,	25.0,	49.23,	38.62,	23.0,	23.0
479.53897285461426,	33.33333333333333,	25.0,	49.26,	38.66,	23.0,	23.0
480.5399012565613,	33.33333333333333,	25.0,	49.26,	38.78,	23.0,	23.0
481.5409662723541,	33.33333333333333,	25.0,	49.26,	38.72,	23.0,	23.0
482.5419297218323,	33.33333333333333,	25.0,	49.26,	38.72,	23.0,	23.0
483.5436198711395,	33.33333333333333,	25.0,	49.26,	38.72,	23.0,	23.0
484.5443320274353,	33.33333333333333,	25.0,	49.26,	38.72,	23.0,	23.0
485.54511308670044,	33.33333333333333,	25.0,	49.26,	38.72,	23.0,	23.0
486.5464074611664,	33.33333333333333,	25.0,	49.26,	38.82,	23.0,	23.0
487.5476701259613,	33.33333333333333,	25.0,	49.29,	38.66,	23.0,	23.0
488.5481517314911,	33.33333333333333,	25.0,	49.29,	38.95,	23.0,	23.0
489.54947876930237,	33.33333333333333,	25.0,	49.26,	38.95,	23.0,	23.0
490.55062079429626,	33.33333333333333,	25.0,	49.32,	38.95,	23.0,	23.0
491.5512526035309,	33.33333333333333,	25.0,	49.35,	39.04,	23.0,	23.0
492.5524227619171,	33.33333333333333,	25.0,	49.32,	39.04,	23.0,	23.0
493.55277824401855,	33.33333333333333,	25.0,	49.42,	39.04,	23.0,	23.0
494.5530300140381,	33.33333333333333,	25.0,	49.45,	39.04,	23.0,	23.0
495.55444169044495,	33.33333333333333,	25.0,	49.52,	39.04,	23.0,	23.0
496.55487632751465,	33.33333333333333,	25.0,	49.52,	39.04,	23.0,	23.0
497.55514192581177,	33.33333333333333,	25.0,	49.52,	39.14,	23.0,	23.0
498.55666732788086,	33.33333333333333,	25.0,	49.55,	39.14,	23.0,	23.0
499.5574150085449,	33.33333333333333,	25.0,	49.58,	39.24,	23.0,	23.0
500.55853509902954,	33.33333333333333,	25.0,	49.58,	39.33,	23.0,	23.0
501.559490442276,	33.33333333333333,	25.0,	49.58,	39.36,	23.0,	23.0
502.56028628349304,	33.33333333333333,	25.0,	49.58,	39.27,	23.0,	23.0
503.5609464645386,	33.33333333333333,	25.0,	49.58,	39.36,	23.0,	23.0
504.63255310058594,	33.33333333333333,	25.0,	49.58,	39.36,	23.0,	23.0
505.63355898857117,	33.33333333333333,	25.0,	49.58,	39.36,	23.0,	23.0
506.6360146999359,	33.33333333333333,	25.0,	49.58,	39.46,	23.0,	23.0
507.63670349121094,	33.33333333333333,	25.0,	49.58,	39.4,	23.0,	23.0
508.63835430145264,	33.33333333333333,	25.0,	49.58,	39.43,	23.0,	23.0
509.63925313949585,	33.33333333333333,	25.0,	49.58,	39.43,	23.0,	23.0
510.63957262039185,	33.33333333333333,	25.0,	49.61,	39.56,	23.0,	23.0
511.6400444507599,	33.33333333333333,	25.0,	49.68,	39.59,	23.0,	23.0
512.6409730911255,	33.33333333333333,	25.0,	49.61,	39.69,	23.0,	23.0
513.6413776874542,	33.33333333333333,	25.0,	49.71,	39.75,	23.0,	23.0
514.6416096687317,	33.33333333333333,	25.0,	49.74,	39.69,	23.0,	23.0
515.6419043540955,	33.33333333333333,	25.0,	49.71,	39.78,	23.0,	23.0
516.642600774765,	33.33333333333333,	25.0,	49.61,	39.59,	23.0,	23.0
517.643149137497,	33.33333333333333,	25.0,	49.77,	39.69,	23.0,	23.0
518.6444756984711,	33.33333333333333,	25.0,	49.71,	39.69,	23.0,	23.0
519.6512937545776,	33.33333333333333,	25.0,	49.74,	39.69,	23.0,	23.0
520.6525716781616,	33.33333333333333,	25.0,	49.84,	39.78,	23.0,	23.0
521.6542103290558,	33.33333333333333,	25.0,	49.84,	39.91,	23.0,	23.0
522.6558060646057,	33.33333333333333,	25.0,	49.9,	39.85,	23.0,	23.0
523.6568641662598,	33.33333333333333,	25.0,	49.71,	39.69,	23.0,	23.0
524.6575231552124,	33.33333333333333,	25.0,	49.77,	39.59,	23.0,	23.0
525.6586539745331,	33.33333333333333,	25.0,	49.87,	39.75,	23.0,	23.0
526.6599581241608,	33.33333333333333,	25.0,	49.9,	39.72,	23.0,	23.0
527.6604263782501,	33.33333333333333,	25.0,	49.9,	39.88,	23.0,	23.0
528.6608557701111,	33.33333333333333,	25.0,	49.9,	39.98,	23.0,	23.0
529.6619865894318,	33.33333333333333,	25.0,	49.9,	40.01,	23.0,	23.0
530.662130355835,	33.33333333333333,	25.0,	49.9,	40.01,	23.0,	23.0
531.6630022525787,	33.33333333333333,	25.0,	49.97,	40.01,	23.0,	23.0
532.6637442111969,	33.33333333333333,	25.0,	49.9,	40.01,	23.0,	23.0
533.6644961833954,	33.33333333333333,	25.0,	49.9,	39.91,	23.0,	23.0
534.6650071144104,	33.33333333333333,	25.0,	49.93,	40.01,	23.0,	23.0
535.6657457351685,	33.33333333333333,	25.0,	49.97,	40.01,	23.0,	23.0
536.6669850349426,	33.33333333333333,	25.0,	49.9,	40.01,	23.0,	23.0
537.6687891483307,	33.33333333333333,	25.0,	49.9,	40.01,	23.0,	23.0
538.6692614555359,	33.33333333333333,	25.0,	49.74,	40.01,	23.0,	23.0
539.6700642108917,	33.33333333333333,	25.0,	49.61,	40.01,	23.0,	23.0
540.670755147934,	33.33333333333333,	25.0,	49.61,	40.01,	23.0,	23.0
541.6718053817749,	33.33333333333333,	25.0,	49.61,	40.01,	23.0,	23.0
542.6725313663483,	33.33333333333333,	25.0,	49.68,	40.01,	23.0,	23.0
543.6728053092957,	33.33333333333333,	25.0,	49.68,	39.91,	23.0,	23.0
544.673731803894,	33.33333333333333,	25.0,	49.71,	40.04,	23.0,	23.0
545.6747288703918,	33.33333333333333,	25.0,	49.84,	40.17,	23.0,	23.0
546.6755311489105,	33.33333333333333,	25.0,	49.87,	40.17,	23.0,	23.0
547.6756947040558,	33.33333333333333,	25.0,	49.87,	40.4,	23.0,	23.0
548.6771609783173,	33.33333333333333,	25.0,	49.9,	40.33,	23.0,	23.0
549.7501792907715,	33.33333333333333,	25.0,	49.9,	40.43,	23.0,	23.0
550.7516241073608,	33.33333333333333,	25.0,	49.9,	40.23,	23.0,	23.0
551.7529067993164,	33.33333333333333,	25.0,	49.9,	40.23,	23.0,	23.0
552.7537038326263,	33.33333333333333,	25.0,	49.9,	40.33,	23.0,	23.0
553.754763841629,	33.33333333333333,	25.0,	49.9,	40.23,	23.0,	23.0
554.7559082508087,	33.33333333333333,	25.0,	49.9,	40.33,	23.0,	23.0
555.7562019824982,	33.33333333333333,	25.0,	49.93,	40.23,	23.0,	23.0
556.7569127082825,	33.33333333333333,	25.0,	49.93,	40.4,	23.0,	23.0
557.7576589584351,	33.33333333333333,	25.0,	50.03,	40.4,	23.0,	23.0
558.759119272232,	33.33333333333333,	25.0,	49.9,	40.46,	23.0,	23.0
559.7605032920837,	33.33333333333333,	25.0,	50.0,	40.46,	23.0,	23.0
560.7613849639893,	33.33333333333333,	25.0,	50.13,	40.62,	23.0,	23.0
561.7628679275513,	33.33333333333333,	25.0,	50.19,	40.65,	23.0,	23.0
562.764083147049,	33.33333333333333,	25.0,	50.19,	40.65,	23.0,	23.0
563.7652225494385,	33.33333333333333,	25.0,	50.19,	40.65,	23.0,	23.0
564.7678844928741,	33.33333333333333,	25.0,	50.22,	40.65,	23.0,	23.0
565.7691838741302,	33.33333333333333,	25.0,	50.19,	40.65,	23.0,	23.0
566.7700436115265,	33.33333333333333,	25.0,	50.19,	40.65,	23.0,	23.0
567.7704358100891,	33.33333333333333,	25.0,	50.22,	40.75,	23.0,	23.0
568.7741785049438,	33.33333333333333,	25.0,	50.22,	40.65,	23.0,	23.0
569.7750725746155,	33.33333333333333,	25.0,	50.22,	40.65,	23.0,	23.0
570.775759935379,	33.33333333333333,	25.0,	50.22,	40.65,	23.0,	23.0
571.7761106491089,	33.33333333333333,	25.0,	50.22,	40.75,	23.0,	23.0
572.7772204875946,	33.33333333333333,	25.0,	50.22,	40.72,	23.0,	23.0
573.7774710655212,	33.33333333333333,	25.0,	50.22,	40.75,	23.0,	23.0
574.7788457870483,	33.33333333333333,	25.0,	50.22,	40.78,	23.0,	23.0
575.7790079116821,	33.33333333333333,	25.0,	50.22,	40.88,	23.0,	23.0
576.7808685302734,	33.33333333333333,	25.0,	50.22,	40.88,	23.0,	23.0
577.7818834781647,	33.33333333333333,	25.0,	50.22,	40.85,	23.0,	23.0
578.7828598022461,	33.33333333333333,	25.0,	50.22,	40.91,	23.0,	23.0
579.784576177597,	33.33333333333333,	25.0,	50.22,	40.94,	23.0,	23.0
580.7858240604401,	33.33333333333333,	25.0,	50.22,	40.88,	23.0,	23.0
581.7870829105377,	33.33333333333333,	25.0,	50.22,	41.07,	23.0,	23.0
582.791752576828,	33.33333333333333,	25.0,	50.22,	41.07,	23.0,	23.0
583.7926616668701,	33.33333333333333,	25.0,	50.22,	40.98,	23.0,	23.0
584.793732881546,	33.33333333333333,	25.0,	50.22,	40.98,	23.0,	23.0
585.7943427562714,	33.33333333333333,	25.0,	50.26,	40.98,	23.0,	23.0
586.7959220409393,	33.33333333333333,	25.0,	50.26,	40.88,	23.0,	23.0
587.7964906692505,	33.33333333333333,	25.0,	50.42,	41.07,	23.0,	23.0
588.7971928119659,	33.33333333333333,	25.0,	50.39,	40.98,	23.0,	23.0
589.7990429401398,	33.33333333333333,	25.0,	50.35,	40.94,	23.0,	23.0
590.8001580238342,	33.33333333333333,	25.0,	50.48,	41.01,	23.0,	23.0
591.8013758659363,	33.33333333333333,	25.0,	50.45,	41.04,	23.0,	23.0
592.8021883964539,	33.33333333333333,	25.0,	50.51,	41.04,	23.0,	23.0
593.8028523921967,	33.33333333333333,	25.0,	50.55,	41.04,	23.0,	23.0
594.8036205768585,	33.33333333333333,	25.0,	50.55,	41.17,	23.0,	23.0
595.8047878742218,	33.33333333333333,	25.0,	50.55,	41.07,	23.0,	23.0
596.8056325912476,	33.33333333333333,	25.0,	50.55,	41.17,	23.0,	23.0
597.8072729110718,	33.33333333333333,	25.0,	50.55,	41.3,	23.0,	23.0
598.8083739280701,	33.33333333333333,	25.0,	50.55,	41.27,	23.0,	23.0
